Sutuf
20	100	0
117.530000000000	0.000000000000	-0.000161993881
20.598400000000	2.524999901652	0.108614796773
20.623200000000	5.049999803305	0.215483436477
20.546000000000	7.575000170618	0.321398634696
20.629900000000	10.099999606609	0.425981736043
20.784400000000	12.625000439584	0.527519732714
20.736700000000	15.150000341237	0.625601387583
20.701400000000	17.674999311566	0.719611183740
20.728100000000	20.199999213219	0.810168159660
20.629900000000	22.724999114871	0.896780868061
20.801500000000	25.255000218749	0.979475327767
20.610800000000	27.780000120401	1.057274406776
20.561200000000	30.305000022054	1.132623059675
20.650900000000	32.829999923706	1.204469241202
20.673800000000	35.355001688004	1.272805151530
20.577400000000	37.879999727011	1.336470595561
20.661400000000	40.405001491308	1.397821586579
20.673800000000	42.929999530315	1.455236691982
20.642300000000	45.455001294613	1.509226276539
20.561200000000	47.979999333620	1.559982541949
20.579300000000	50.505001097918	1.607994898222
20.587900000000	53.029999136925	1.653350656852
20.628000000000	55.555000901222	1.695035607554
20.535500000000	58.079998940229	1.734543824568
20.561200000000	60.605000704527	1.771922688931
20.688100000000	63.129998743534	1.806858344935
20.752900000000	65.655000507832	1.839625998400
20.650900000000	68.180002272129	1.869959523901
20.489700000000	70.704996585846	1.897152164020
20.793000000000	73.229998350143	1.922789495438
20.598400000000	75.759999454021	1.947186654434
20.610800000000	78.285001218319	1.969522098079
20.633700000000	80.810002982616	1.989384414628
20.665200000000	83.334997296333	2.008074661717
20.487800000000	85.859999060631	2.024992834777
20.544100000000	88.385000824928	2.041747560725
20.615600000000	90.910002589226	2.056879224256
20.663300000000	93.434996902943	2.070912625641
20.709000000000	95.959998667240	2.083796542138
20.523100000000	98.485000431538	2.094698837027
20.642300000000	101.010002195835	2.105051651597
20.531700000000	103.534996509552	2.113815629855
20.525000000000	106.059998273849	2.122811740264
20.554500000000	108.585000038147	2.129164058715
20.734800000000	111.110001802444	2.134467475116
20.633700000000	113.635003566742	2.140993485227
20.638500000000	116.159997880459	2.146899700165
20.661400000000	118.684999644756	2.150436164811
20.661400000000	121.210001409054	2.153079723939
20.686100000000	123.735003173351	2.157393144444
20.537400000000	126.265004277229	2.161019016057
20.621300000000	128.790006041527	2.163716359064
20.519300000000	131.314992904663	2.167231868953
20.556400000000	133.839994668961	2.169701969251
20.740500000000	136.364996433258	2.171904547140
20.510700000000	138.889998197556	2.173071261495
20.573600000000	141.414999961853	2.176008885726
20.512600000000	143.940001726151	2.176783280447
20.650900000000	146.465003490448	2.179112052545
20.636600000000	148.990005254745	2.179627772421
20.701400000000	151.515007019043	2.182377036661
20.496400000000	154.039993882179	2.183981938288
20.546000000000	156.564995646477	2.184447133914
20.661400000000	159.089997410774	2.185827819631
20.659400000000	161.614999175072	2.187359146774
20.793000000000	164.140000939369	2.187940757722
20.715700000000	166.665002703667	2.189719351009
20.749100000000	169.190004467964	2.190549392253
20.589800000000	171.715006232262	2.191847655922
20.579300000000	174.239993095398	2.192969433963
20.803500000000	176.770001649857	2.193829510361
20.610800000000	179.295003414154	2.194282365963
20.470600000000	181.820005178452	2.195414621383
20.529700000000	184.345006942749	2.196643501520
20.659400000000	186.869993805885	2.196589019150
20.504000000000	189.394995570183	2.197926864028
20.544100000000	191.919997334480	2.198186237365
20.626100000000	194.444999098778	2.200781833380
20.631800000000	196.970000863075	2.201385330409
20.596500000000	199.495002627373	2.201178343967
20.738600000000	202.020004391670	2.202505012974
20.598400000000	204.545006155968	2.204043790698
20.584100000000	207.069993019104	2.203836571425
20.531700000000	209.594994783401	2.204636577517
20.487800000000	212.099999189377	2.205246360973
20.566900000000	214.650005102158	2.205321332440
20.709000000000	217.150002717972	2.206002594903
20.445800000000	219.699993729591	2.206274541095
20.759600000000	222.200006246567	2.207079902291
20.517300000000	224.749997258186	2.208247547969
20.667100000000	227.249994874001	2.207558602095
20.529700000000	229.800000786781	2.209271304309
20.669900000000	232.299998402596	2.209197729826
20.458200000000	234.850004315376	2.209706231952
20.463000000000	237.350001931190	2.212111139670
20.498300000000	239.899992942810	2.212195657194
20.671800000000	242.400005459785	2.213705796748
20.561200000000	244.949996471405	2.212879480794
20.623200000000	247.500002384186	2.213328843936
20.734800000000	250.000000000000	2.213373081759
20.615600000000	0.000000000000	-0.000033415596
26.462600000000	2.524999901652	0.097985430330
26.492100000000	5.049999803305	0.193440937437
26.467300000000	7.575000170618	0.288028240902
26.413000000000	10.099999606609	0.380902492907
26.420600000000	12.625000439584	0.471168430522
26.487400000000	15.150000341237	0.558438186999
26.431100000000	17.674999311566	0.641797843855
26.552200000000	20.199999213219	0.721755088307
26.476900000000	22.724999114871	0.798410095740
26.368100000000	25.255000218749	0.871638068929
26.464500000000	27.780000120401	0.940498546697
26.157400000000	30.305000022054	1.006857492030
26.487400000000	32.829999923706	1.068466692232
26.374800000000	35.355001688004	1.127753057517
26.392000000000	37.879999727011	1.183345564641
26.494000000000	40.405001491308	1.236255164258
26.345300000000	42.929999530315	1.285535399802
26.334800000000	45.455001294613	1.332501647994
26.435900000000	47.979999333620	1.375981140882
26.355700000000	50.505001097918	1.416445942596
26.389100000000	53.029999136925	1.454747747630
26.481600000000	55.555000901222	1.491067581810
26.385300000000	58.079998940229	1.524019171484
26.521700000000	60.605000704527	1.554917427711
26.492100000000	63.129998743534	1.583750243299
26.592300000000	65.655000507832	1.610579667613
26.460600000000	68.180002272129	1.635374967009
26.456800000000	70.704996585846	1.657921937294
26.469200000000	73.229998350143	1.679119304754
26.476900000000	75.759999454021	1.698544947430
26.511200000000	78.285001218319	1.716451020911
26.287100000000	80.810002982616	1.732687582262
26.548400000000	83.334997296333	1.747912727296
26.337600000000	85.859999060631	1.760693849064
26.464500000000	88.385000824928	1.772458082996
26.479700000000	90.910002589226	1.784131280147
26.511200000000	93.434996902943	1.794255920686
26.283300000000	95.959998667240	1.803218037821
26.402500000000	98.485000431538	1.811902155168
26.351900000000	101.010002195835	1.819106168114
26.348100000000	103.534996509552	1.825670828111
26.393900000000	106.059998273849	1.831533154473
26.410100000000	108.585000038147	1.836044713855
26.458700000000	111.110001802444	1.841768040322
26.475000000000	113.635003566742	1.845474122092
26.427300000000	116.159997880459	1.849146443419
26.313800000000	118.684999644756	1.853050081991
26.404400000000	121.210001409054	1.855812733993
26.425400000000	123.735003173351	1.859151758254
26.485400000000	126.265004277229	1.861452590674
26.504500000000	128.790006041527	1.862750854343
26.483500000000	131.314992904663	1.864796620794
26.243200000000	133.839994668961	1.866488833912
26.435900000000	136.364996433258	1.868515508249
26.456800000000	138.889998197556	1.869094907306
26.402500000000	141.414999961853	1.870907377452
26.378600000000	143.940001726151	1.873303670436
26.469200000000	146.465003490448	1.873492379673
26.536000000000	148.990005254745	1.875642105006
26.372900000000	151.515007019043	1.876245485619
26.259400000000	154.039993882179	1.878146431409
26.502600000000	156.564995646477	1.877929549664
26.408200000000	159.089997410774	1.879489980638
26.492100000000	161.614999175072	1.880347845145
26.546500000000	164.140000939369	1.880608149804
26.483500000000	166.665002703667	1.881360309198
26.362400000000	169.190004467964	1.883341232315
26.429200000000	171.715006232262	1.884532161057
26.393900000000	174.239993095398	1.884708879516
26.348100000000	176.770001649857	1.885574194603
26.378600000000	179.295003414154	1.886236248538
26.360500000000	181.820005178452	1.886313548312
26.460600000000	184.345006942749	1.887100399472
26.544600000000	186.869993805885	1.887194812298
26.383400000000	189.394995570183	1.889365608804
26.544600000000	191.919997334480	1.889891573228
26.303300000000	194.444999098778	1.890307175927
26.613200000000	196.970000863075	1.890212879516
26.500700000000	199.495002627373	1.891419524327
26.362400000000	202.020004391670	1.892275991850
26.651400000000	204.545006155968	1.892749918625
26.402500000000	207.069993019104	1.892746309750
26.456800000000	209.594994783401	1.894349465147
26.483500000000	212.099999189377	1.894443063065
26.476900000000	214.650005102158	1.895398483612
26.586500000000	217.150002717972	1.896295114420
26.541700000000	219.699993729591	1.896356814541
26.508300000000	222.200006246567	1.897668698803
26.437800000000	224.749997258186	1.898043206893
26.541700000000	227.249994874001	1.898532733321
26.456800000000	229.800000786781	1.899670809507
26.494000000000	232.299998402596	1.899286406115
26.638000000000	234.850004315376	1.900390256196
26.741000000000	237.350001931190	1.901879208162
26.330900000000	239.899992942810	1.902229618281
26.416800000000	242.400005459785	1.902130199596
26.625600000000	244.949996471405	1.903308322653
26.339500000000	247.500002384186	1.904026954435
26.322400000000	250.000000000000	1.903835684061
39.561300000000	0.000000000000	-0.000210111637
39.126400000000	2.524999901652	0.073410919867
39.414400000000	5.049999803305	0.144351317431
39.237000000000	7.575000170618	0.214211730054
39.235100000000	10.099999606609	0.282878929283
39.475400000000	12.625000439584	0.349197449395
39.272300000000	15.150000341237	0.413117028074
39.312400000000	17.674999311566	0.474356609629
39.339100000000	20.199999213219	0.532536301762
39.372400000000	22.724999114871	0.587871531025
39.253200000000	25.255000218749	0.639962963760
39.197000000000	27.780000120401	0.689977954607
39.242700000000	30.305000022054	0.735650188290
39.351500000000	32.829999923706	0.779730442446
39.163600000000	35.355001688004	0.821245077532
39.077800000000	37.879999727011	0.859622377902
39.140700000000	40.405001491308	0.895562989172
39.195100000000	42.929999530315	0.928888039198
39.307600000000	45.455001294613	0.959853932727
39.221800000000	47.979999333620	0.988076790236
39.174100000000	50.505001097918	1.015577581711
39.256100000000	53.029999136925	1.038916641846
39.245600000000	55.555000901222	1.061606453732
39.195100000000	58.079998940229	1.081996597350
39.153100000000	60.605000704527	1.101905596443
39.339100000000	63.129998743534	1.118061132729
39.046300000000	65.655000507832	1.134947175160
39.330500000000	68.180002272129	1.148149487562
39.232300000000	70.704996585846	1.162725617178
39.379100000000	73.229998350143	1.174164237455
39.221800000000	75.759999454021	1.183753833175
39.347600000000	78.285001218319	1.194648444653
39.402000000000	80.810002982616	1.201861770824
39.301900000000	83.334997296333	1.211574301124
39.226500000000	85.859999060631	1.216256292537
39.286600000000	88.385000824928	1.224261824973
39.228400000000	90.910002589226	1.229190151207
39.284700000000	93.434996902943	1.233287621289
39.314300000000	95.959998667240	1.238656579517
39.366700000000	98.485000431538	1.240872777998
39.280900000000	101.010002195835	1.245899125934
39.300000000000	103.534996509552	1.247037085705
39.395300000000	106.059998273849	1.251591020264
39.100600000000	108.585000038147	1.252577174455
39.207500000000	111.110001802444	1.254487433471
39.098700000000	113.635003566742	1.257831347175
39.263700000000	116.159997880459	1.257714116946
39.216000000000	118.684999644756	1.260828808881
39.310500000000	121.210001409054	1.260792370886
39.416300000000	123.735003173351	1.263753743842
39.433500000000	126.265004277229	1.264992402866
39.276100000000	128.790006041527	1.263770624064
39.136900000000	131.314992904663	1.266579725780
39.259900000000	133.839994668961	1.265668426640
39.356200000000	136.364996433258	1.268725958653
39.119700000000	138.889998197556	1.268324558623
39.197000000000	141.414999961853	1.269422122277
39.403900000000	143.940001726151	1.269896980375
39.268500000000	146.465003490448	1.270213630050
39.297100000000	148.990005254745	1.271995482966
39.295200000000	151.515007019043	1.271984423511
39.182700000000	154.039993882179	1.272722613066
39.303800000000	156.564995646477	1.272810273804
39.284700000000	159.089997410774	1.274422742426
39.284700000000	161.614999175072	1.274235895835
39.403900000000	164.140000939369	1.274498295970
39.366700000000	166.665002703667	1.276405993849
39.228400000000	169.190004467964	1.276338589378
39.416300000000	171.715006232262	1.277375966311
39.216000000000	174.239993095398	1.277783536352
39.305700000000	176.770001649857	1.277569914237
39.307600000000	179.295003414154	1.279091578908
39.256100000000	181.820005178452	1.279341639020
39.219900000000	184.345006942749	1.279336283915
39.159800000000	186.869993805885	1.280081574805
39.259900000000	189.394995570183	1.279877615161
39.395300000000	191.919997334480	1.282063545659
39.310500000000	194.444999098778	1.280867145397
39.240800000000	196.970000863075	1.282768324018
39.247500000000	199.495002627373	1.283028977923
39.263700000000	202.020004391670	1.284278463572
39.368600000000	204.545006155968	1.282695331611
39.280900000000	207.069993019104	1.285261590965
39.253200000000	209.594994783401	1.284130266868
39.284700000000	212.099999189377	1.286059385166
39.442100000000	214.650005102158	1.284724334255
39.242700000000	217.150002717972	1.285228179768
39.217900000000	219.699993729591	1.287440885790
39.305700000000	222.200006246567	1.286580809392
39.382900000000	224.749997258186	1.287897001021
39.256100000000	227.249994874001	1.288161496632
39.324800000000	229.800000786781	1.288955565542
39.155000000000	232.299998402596	1.288954401389
39.230300000000	234.850004315376	1.288556144573
39.366700000000	237.350001931190	1.290909014642
39.214100000000	239.899992942810	1.289662322961
39.266600000000	242.400005459785	1.291751163080
39.149300000000	244.949996471405	1.290337298997
39.310500000000	247.500002384186	1.292198779993
39.253200000000	250.000000000000	1.291771070100
51.826500000000	0.000000000000	-0.000156933126
51.588100000000	2.524999901652	0.053335792472
51.446000000000	5.049999803305	0.104537117295
51.601400000000	7.575000170618	0.154422887135
51.544200000000	10.099999606609	0.203148403671
51.632900000000	12.625000439584	0.250131561188
51.655800000000	15.150000341237	0.295363162877
51.450700000000	17.674999311566	0.338184356224
51.554700000000	20.199999213219	0.378649216145
51.642400000000	22.724999114871	0.417175819166
51.487900000000	25.255000218749	0.452506443253
51.609000000000	27.780000120401	0.486135540996
51.454500000000	30.305000022054	0.517875654623
51.295300000000	32.829999923706	0.546217779629
51.505100000000	35.355001688004	0.573974335566
51.482200000000	37.879999727011	0.599047692958
51.552800000000	40.405001491308	0.621045008302
51.563300000000	42.929999530315	0.643222883809
51.657700000000	45.455001294613	0.661654747091
51.586200000000	47.979999333620	0.679705291986
51.500300000000	50.505001097918	0.694546208251
51.517500000000	53.029999136925	0.710239866748
51.550900000000	55.555000901222	0.723012723029
51.638600000000	58.079998940229	0.733778404538
51.438300000000	60.605000704527	0.745391880628
51.507000000000	63.129998743534	0.753452419303
51.615700000000	65.655000507832	0.763427058700
51.638600000000	68.180002272129	0.769407604821
51.571800000000	70.704996585846	0.777446723077
51.526100000000	73.229998350143	0.782674178481
51.529900000000	75.759999454021	0.786614662502
51.652900000000	78.285001218319	0.792574777734
51.561400000000	80.810002982616	0.796271371655
51.489800000000	83.334997296333	0.798965047579
51.519400000000	85.859999060631	0.803039292805
51.487900000000	88.385000824928	0.804926094133
51.590900000000	90.910002589226	0.806617492344
51.605200000000	93.434996902943	0.810461118817
51.561400000000	95.959998667240	0.811079051346
51.640500000000	98.485000431538	0.814083556179
51.619500000000	101.010002195835	0.815076113213
51.578500000000	103.534996509552	0.816188403405
51.544200000000	106.059998273849	0.816305866465
51.617600000000	108.585000038147	0.817262101918
51.573800000000	111.110001802444	0.819803506602
51.586200000000	113.635003566742	0.818556174636
51.559400000000	116.159997880459	0.821065448690
51.559400000000	118.684999644756	0.820318120532
51.586200000000	121.210001409054	0.822999805678
51.523200000000	123.735003173351	0.821688212454
51.515600000000	126.265004277229	0.821804220323
51.661500000000	128.790006041527	0.824269140139
51.540400000000	131.314992904663	0.823818030767
51.349600000000	133.839994668961	0.825248309411
51.557500000000	136.364996433258	0.824700633530
51.590900000000	138.889998197556	0.827152514830
51.510800000000	141.414999961853	0.825587485451
51.360100000000	143.940001726151	0.826842209790
51.544200000000	146.465003490448	0.828242162243
51.598500000000	148.990005254745	0.826832838356
51.632900000000	151.515007019043	0.828381394967
51.630000000000	154.039993882179	0.827912997920
51.454500000000	156.564995646477	0.829802593216
51.531800000000	159.089997410774	0.828271557111
51.670100000000	161.614999175072	0.829894735944
51.557500000000	164.140000939369	0.830700970255
51.598500000000	166.665002703667	0.829941593111
51.592800000000	169.190004467964	0.830486533232
51.594700000000	171.715006232262	0.832140562125
51.448800000000	174.239993095398	0.832490331959
51.446000000000	176.770001649857	0.832371413708
51.489800000000	179.295003414154	0.832746562082
51.550900000000	181.820005178452	0.833619269542
51.766400000000	184.345006942749	0.833224039525
51.487900000000	186.869993805885	0.833388068713
51.615700000000	189.394995570183	0.834578531794
51.691100000000	191.919997334480	0.833794299979
51.396400000000	194.444999098778	0.835785758682
51.456500000000	196.970000863075	0.835449551232
51.547100000000	199.495002627373	0.835971441120
51.503200000000	202.020004391670	0.834780978039
51.452600000000	204.545006155968	0.836501771118
51.452600000000	207.069993019104	0.835295650177
51.655800000000	209.594994783401	0.837660569232
51.500300000000	212.099999189377	0.837530824356
51.540400000000	214.650005102158	0.837260740809
51.536600000000	217.150002717972	0.838242063764
51.580400000000	219.699993729591	0.837667030282
51.377300000000	222.200006246567	0.839084968902
51.536600000000	224.749997258186	0.838230247609
51.515600000000	227.249994874001	0.839706975967
51.651000000000	229.800000786781	0.840616121422
51.607100000000	232.299998402596	0.839020300191
51.626200000000	234.850004315376	0.840022403281
51.513700000000	237.350001931190	0.841184810270
51.638600000000	239.899992942810	0.840938650072
51.538500000000	242.400005459785	0.841439643409
51.582300000000	244.949996471405	0.842056353576
51.607100000000	247.500002384186	0.841366359964
51.479300000000	250.000000000000	0.842811481562
63.294400000000	0.000000000000	-0.000124568729
63.306800000000	2.524999901652	0.037468576920
63.368800000000	5.049999803305	0.073183189670
63.247700000000	7.575000170618	0.107254272734
63.431700000000	10.099999606609	0.140661199111
63.400300000000	12.625000439584	0.172295491211
63.310600000000	15.150000341237	0.202447015909
63.317300000000	17.674999311566	0.231375364820
63.308700000000	20.199999213219	0.257767067524
63.408900000000	22.724999114871	0.282785680611
63.266800000000	25.255000218749	0.306033034576
63.306800000000	27.780000120401	0.327099201968
63.277200000000	30.305000022054	0.346715241903
63.285800000000	32.829999923706	0.364799692761
63.266800000000	35.355001688004	0.381557649234
63.258200000000	37.879999727011	0.396118324716
63.398400000000	40.405001491308	0.409126398154
63.317300000000	42.929999530315	0.421611737693
63.365000000000	45.455001294613	0.431798544014
63.275300000000	47.979999333620	0.442350050434
63.198100000000	50.505001097918	0.449991086498
63.262900000000	53.029999136925	0.458402384538
63.256300000000	55.555000901222	0.464063457912
63.270600000000	58.079998940229	0.471354083857
63.275300000000	60.605000704527	0.475289678434
63.317300000000	63.129998743534	0.480625953060
63.308700000000	65.655000507832	0.483729672851
63.377400000000	68.180002272129	0.487257115310
63.338300000000	70.704996585846	0.490648671985
63.421200000000	73.229998350143	0.493149971589
63.302000000000	75.759999454021	0.494192587212
63.200000000000	78.285001218319	0.497263798025
63.496600000000	80.810002982616	0.497922999784
63.249600000000	83.334997296333	0.500286289025
63.252400000000	85.859999060631	0.500349386130
63.335400000000	88.385000824928	0.501395436004
63.310600000000	90.910002589226	0.502224371303
63.494700000000	93.434996902943	0.504314200953
63.303900000000	95.959998667240	0.504352385178
63.226700000000	98.485000431538	0.505632953718
63.400300000000	101.010002195835	0.506177428178
63.421200000000	103.534996509552	0.506578420755
63.317300000000	106.059998273849	0.507028598804
63.333500000000	108.585000038147	0.507498974912
63.258200000000	111.110001802444	0.508076860569
63.203800000000	113.635003566742	0.508657714818
63.283900000000	116.159997880459	0.508782861289
63.314400000000	118.684999644756	0.509860052262
63.342100000000	121.210001409054	0.509995268658
63.469900000000	123.735003173351	0.510238984134
63.291500000000	126.265004277229	0.510221696459
63.356400000000	128.790006041527	0.511249760166
63.233400000000	131.314992904663	0.511341087986
63.191400000000	133.839994668961	0.511283171363
63.205700000000	136.364996433258	0.512525613885
63.300100000000	138.889998197556	0.511715537868
63.219100000000	141.414999961853	0.513481965754
63.319200000000	143.940001726151	0.512176949997
63.312500000000	146.465003490448	0.513669336215
63.260100000000	148.990005254745	0.513001170475
63.270600000000	151.515007019043	0.514598097652
63.498500000000	154.039993882179	0.513512932230
63.252400000000	156.564995646477	0.514464918524
63.245800000000	159.089997410774	0.514842628036
63.631100000000	161.614999175072	0.515272375196
63.161800000000	164.140000939369	0.514584768098
63.308700000000	166.665002703667	0.515216088388
63.338300000000	169.190004467964	0.516231637448
63.214300000000	171.715006232262	0.515901076142
63.403100000000	174.239993095398	0.516556494404
63.350700000000	176.770001649857	0.516167317983
63.394500000000	179.295003414154	0.516757078003
63.275300000000	181.820005178452	0.517603766639
63.310600000000	184.345006942749	0.517116859555
63.373600000000	186.869993805885	0.516702828463
63.400300000000	189.394995570183	0.516910920851
63.321100000000	191.919997334480	0.518591201399
63.348800000000	194.444999098778	0.517782522365
63.444100000000	196.970000863075	0.519285444170
63.273400000000	199.495002627373	0.519502500538
63.373600000000	202.020004391670	0.518447661307
63.490900000000	204.545006155968	0.519822002389
63.291500000000	207.069993019104	0.519124791026
63.457500000000	209.594994783401	0.520293542650
63.262900000000	212.099999189377	0.520408153534
63.403100000000	214.650005102158	0.520995527040
63.338300000000	217.150002717972	0.520574394614
63.128500000000	219.699993729591	0.519960944075
63.342100000000	222.200006246567	0.521905894857
63.365000000000	224.749997258186	0.521014269907
63.333500000000	227.249994874001	0.522175163496
63.480400000000	229.800000786781	0.522109388839
63.184700000000	232.299998402596	0.521688023582
63.279200000000	234.850004315376	0.521547975950
63.413600000000	237.350001931190	0.523271155544
63.308700000000	239.899992942810	0.522697111592
63.324900000000	242.400005459785	0.523372029420
63.314400000000	244.949996471405	0.523717957549
63.300100000000	247.500002384186	0.523648166563
63.331600000000	250.000000000000	0.524096132722
76.132800000000	0.000000000000	-0.000117713945
76.160400000000	2.524999901652	0.023654391043
76.124200000000	5.049999803305	0.045842523832
76.160400000000	7.575000170618	0.066696455178
76.137500000000	10.099999606609	0.086623520474
76.153800000000	12.625000439584	0.105177154182
76.045000000000	15.150000341237	0.123002202599
76.225300000000	17.674999311566	0.139314957778
76.108000000000	20.199999213219	0.154546680278
75.934400000000	22.724999114871	0.168335245689
76.045000000000	25.255000218749	0.180927163456
76.137500000000	27.780000120401	0.192129315110
76.164200000000	30.305000022054	0.201957445825
76.166200000000	32.829999923706	0.211428647162
76.267200000000	35.355001688004	0.219295892748
76.101300000000	37.879999727011	0.226273856242
76.022100000000	40.405001491308	0.232756428886
76.206200000000	42.929999530315	0.237716943957
76.172800000000	45.455001294613	0.243099726504
76.088900000000	47.979999333620	0.246688869083
76.155700000000	50.505001097918	0.250461540418
76.211900000000	53.029999136925	0.253191712545
76.181400000000	55.555000901222	0.256073108176
76.241500000000	58.079998940229	0.258315150859
76.083200000000	60.605000704527	0.260453030933
76.287300000000	63.129998743534	0.261614477495
76.337800000000	65.655000507832	0.263611873379
75.978300000000	68.180002272129	0.264063506620
75.969700000000	70.704996585846	0.264775851974
76.250100000000	73.229998350143	0.266254908638
76.088900000000	75.759999454021	0.266511342488
76.059300000000	78.285001218319	0.267235474894
76.191900000000	80.810002982616	0.267810566584
76.149900000000	83.334997296333	0.268645380856
76.120400000000	85.859999060631	0.268756761216
76.174700000000	88.385000824928	0.269541807938
76.252000000000	90.910002589226	0.269761774689
76.258700000000	93.434996902943	0.269784010015
76.248200000000	95.959998667240	0.270899239695
76.183300000000	98.485000431538	0.270409829682
76.199500000000	101.010002195835	0.270902004559
76.258700000000	103.534996509552	0.271298660664
76.067900000000	106.059998273849	0.271479861112
76.157600000000	108.585000038147	0.271695957053
75.973500000000	111.110001802444	0.271677999990
76.097500000000	113.635003566742	0.272566598142
76.157600000000	116.159997880459	0.272016593954
76.151800000000	118.684999644756	0.273084500805
76.022100000000	121.210001409054	0.273417099379
76.267200000000	123.735003173351	0.273058598395
76.157600000000	126.265004277229	0.273939280305
76.103200000000	128.790006041527	0.273487617960
76.271100000000	131.314992904663	0.274120247923
76.208100000000	133.839994668961	0.273732730420
76.187100000000	136.364996433258	0.274695921689
76.267200000000	138.889998197556	0.273720099358
76.248200000000	141.414999961853	0.275008118479
76.088900000000	143.940001726151	0.274448859273
76.162300000000	146.465003490448	0.275377649814
76.193800000000	148.990005254745	0.274835241726
76.149900000000	151.515007019043	0.275795900961
76.243400000000	154.039993882179	0.275286991382
76.097500000000	156.564995646477	0.275497935945
76.108000000000	159.089997410774	0.276091945125
76.080300000000	161.614999175072	0.275531812804
76.181400000000	164.140000939369	0.276603881503
76.237700000000	166.665002703667	0.276502600173
76.237700000000	169.190004467964	0.276462902548
76.069800000000	171.715006232262	0.277094804915
76.122300000000	174.239993095398	0.276955426671
76.197600000000	176.770001649857	0.276662205579
76.088900000000	179.295003414154	0.277399114566
76.162300000000	181.820005178452	0.277269573417
76.097500000000	184.345006942749	0.277738756267
76.106100000000	186.869993805885	0.277747458313
76.101300000000	189.394995570183	0.277813407592
76.311100000000	191.919997334480	0.278213468846
76.204300000000	194.444999098778	0.277624436421
76.113700000000	196.970000863075	0.278643390629
76.048900000000	199.495002627373	0.278067105683
76.076500000000	202.020004391670	0.279089901596
76.036500000000	204.545006155968	0.278166495264
76.151800000000	207.069993019104	0.279118161416
76.088900000000	209.594994783401	0.278771622106
76.193800000000	212.099999189377	0.279702246189
76.076500000000	214.650005102158	0.279134983430
76.269100000000	217.150002717972	0.279413245153
76.118500000000	219.699993729591	0.279821513686
76.148000000000	222.200006246567	0.280068721622
76.216700000000	224.749997258186	0.280218111584
76.292000000000	227.249994874001	0.280665233731
76.174700000000	229.800000786781	0.280187261524
76.176600000000	232.299998402596	0.280511361780
76.276800000000	234.850004315376	0.281013199128
76.197600000000	237.350001931190	0.280986714642
76.143300000000	239.899992942810	0.280844251392
76.092700000000	242.400005459785	0.281362765236
76.097500000000	244.949996471405	0.281022104900
76.034500000000	247.500002384186	0.281622895272
76.271100000000	250.000000000000	0.281978689600
88.256800000000	0.000000000000	-0.000121103866
88.442800000000	2.524999901652	0.013727306396
88.451400000000	5.049999803305	0.026288647859
88.279700000000	7.575000170618	0.037622707168
88.390400000000	10.099999606609	0.048225407227
88.337900000000	12.625000439584	0.057872337493
88.482900000000	15.150000341237	0.066413158493
88.497200000000	17.674999311566	0.074664087151
88.432300000000	20.199999213219	0.081533442426
88.358900000000	22.724999114871	0.088083092123
88.428500000000	25.255000218749	0.093467911938
88.388400000000	27.780000120401	0.098246760899
88.379900000000	30.305000022054	0.102654805232
88.376000000000	32.829999923706	0.106198836875
88.294000000000	35.355001688004	0.109525943117
88.503800000000	37.879999727011	0.112112902571
88.369400000000	40.405001491308	0.114560541988
88.537200000000	42.929999530315	0.116525603516
88.541000000000	45.455001294613	0.117823452456
88.419900000000	47.979999333620	0.119662887300
88.392300000000	50.505001097918	0.120547956612
88.369400000000	53.029999136925	0.121634446259
88.425600000000	55.555000901222	0.122492405353
88.405600000000	58.079998940229	0.122787663713
88.398900000000	60.605000704527	0.123316451209
88.530500000000	63.129998743534	0.123851248645
88.348400000000	65.655000507832	0.124418380437
88.476200000000	68.180002272129	0.124786936794
88.374100000000	70.704996585846	0.124919766677
88.501000000000	73.229998350143	0.125193342683
88.342700000000	75.759999454021	0.125494247186
88.367500000000	78.285001218319	0.125554346596
88.520100000000	80.810002982616	0.126171638840
88.306400000000	83.334997296333	0.126003680634
88.563900000000	85.859999060631	0.126755214296
88.493300000000	88.385000824928	0.126303668367
88.480000000000	90.910002589226	0.126897299197
88.474300000000	93.434996902943	0.126684200950
88.482900000000	95.959998667240	0.126796963741
88.576300000000	98.485000431538	0.127559527755
88.311200000000	101.010002195835	0.127123988932
88.522000000000	103.534996509552	0.127649575006
88.365600000000	106.059998273849	0.127814098960
88.520100000000	108.585000038147	0.127631370560
88.541000000000	111.110001802444	0.128042753204
88.292100000000	113.635003566742	0.128007770400
88.402700000000	116.159997880459	0.128190353280
88.520100000000	118.684999644756	0.128390194732
88.374100000000	121.210001409054	0.128244631924
88.363600000000	123.735003173351	0.128567844513
88.388400000000	126.265004277229	0.128410378238
88.379900000000	128.790006041527	0.128968778881
88.532400000000	131.314992904663	0.128671366838
88.476200000000	133.839994668961	0.129290099721
88.486700000000	136.364996433258	0.128926287289
88.311200000000	138.889998197556	0.129433901748
88.460000000000	141.414999961853	0.129365362227
88.376000000000	143.940001726151	0.129470849060
88.461900000000	146.465003490448	0.129567692056
88.660200000000	148.990005254745	0.129542604554
88.509600000000	151.515007019043	0.129575855681
88.360800000000	154.039993882179	0.130116968649
88.304500000000	156.564995646477	0.129634136101
88.595400000000	159.089997410774	0.130249842186
88.379900000000	161.614999175072	0.129932217533
88.244400000000	164.140000939369	0.130414337036
88.423700000000	166.665002703667	0.130180313135
88.360800000000	169.190004467964	0.130291053210
88.439000000000	171.715006232262	0.130744680064
88.514300000000	174.239993095398	0.130517131765
88.451400000000	176.770001649857	0.130957138026
88.415100000000	179.295003414154	0.130744010676
88.534400000000	181.820005178452	0.131125649204
88.336000000000	184.345006942749	0.131223263452
88.415100000000	186.869993805885	0.131381588290
88.530500000000	189.394995570183	0.130910237203
88.319800000000	191.919997334480	0.131576176500
88.524800000000	194.444999098778	0.131190448883
88.425600000000	196.970000863075	0.131827415316
88.522000000000	199.495002627373	0.131416527438
88.472400000000	202.020004391670	0.132071902044
88.337900000000	204.545006155968	0.132022498292
88.402700000000	207.069993019104	0.131686363602
88.400800000000	209.594994783401	0.132230299641
88.460000000000	212.099999189377	0.131928041810
88.446600000000	214.650005102158	0.132075423608
88.421800000000	217.150002717972	0.132367917104
88.490500000000	219.699993729591	0.132391724037
88.457100000000	222.200006246567	0.132867411594
88.415100000000	224.749997258186	0.132440603920
88.509600000000	227.249994874001	0.132730769110
88.618300000000	229.800000786781	0.132959306939
88.555300000000	232.299998402596	0.132697983645
88.419900000000	234.850004315376	0.133147070301
88.436100000000	237.350001931190	0.132823246531
88.440900000000	239.899992942810	0.133389519760
88.392300000000	242.400005459785	0.133440698846
88.346500000000	244.949996471405	0.133403227665
88.418000000000	247.500002384186	0.133362977067
88.488600000000	250.000000000000	0.133500565425
100.860000000000	0.000000000000	-0.000143448702
101.154000000000	2.524999901652	0.006382689207
101.321000000000	5.049999803305	0.011910755347
101.314000000000	7.575000170618	0.016644329662
101.391000000000	10.099999606609	0.020610126739
101.286000000000	12.625000439584	0.024130544261
101.144000000000	15.150000341237	0.026998921385
101.037000000000	17.674999311566	0.029643235393
101.349000000000	20.199999213219	0.031742380088
101.286000000000	22.724999114871	0.033676875319
101.334000000000	25.255000218749	0.035190765630
101.340000000000	27.780000120401	0.036443467252
101.211000000000	30.305000022054	0.037656660425
101.139000000000	32.829999923706	0.038546626456
101.336000000000	35.355001688004	0.039399870730
101.296000000000	37.879999727011	0.040038350562
101.254000000000	40.405001491308	0.040399245336
101.296000000000	42.929999530315	0.041102375690
101.175000000000	45.455001294613	0.041257444536
101.380000000000	47.979999333620	0.041614330257
101.295000000000	50.505001097918	0.041752489778
101.340000000000	53.029999136925	0.042040450353
101.290000000000	55.555000901222	0.042081148422
101.398000000000	58.079998940229	0.042335279431
101.309000000000	60.605000704527	0.042458868847
101.169000000000	63.129998743534	0.042529041821
101.221000000000	65.655000507832	0.042671475967
101.207000000000	68.180002272129	0.042906031013
101.196000000000	70.704996585846	0.042711937567
101.158000000000	73.229998350143	0.043017782446
101.286000000000	75.759999454021	0.042970073991
101.251000000000	78.285001218319	0.042997136916
101.300000000000	80.810002982616	0.043303090933
101.169000000000	83.334997296333	0.043189862481
101.422000000000	85.859999060631	0.043431980885
101.290000000000	88.385000824928	0.043312549678
101.309000000000	90.910002589226	0.043591022404
101.269000000000	93.434996902943	0.043553649448
101.254000000000	95.959998667240	0.043688618462
101.232000000000	98.485000431538	0.043638701754
101.284000000000	101.010002195835	0.043660515075
101.223000000000	103.534996509552	0.043809675844
101.254000000000	106.059998273849	0.043748863391
101.177000000000	108.585000038147	0.043927397201
101.440000000000	111.110001802444	0.044052689191
101.286000000000	113.635003566742	0.043974534492
101.207000000000	116.159997880459	0.043964733777
101.357000000000	118.684999644756	0.044043441449
101.160000000000	121.210001409054	0.044241518481
101.150000000000	123.735003173351	0.044178115786
101.328000000000	126.265004277229	0.044298649300
101.359000000000	128.790006041527	0.044263091695
101.256000000000	131.314992904663	0.044360491302
101.253000000000	133.839994668961	0.044496660848
101.152000000000	136.364996433258	0.044404732762
101.326000000000	138.889998197556	0.044591441110
101.167000000000	141.414999961853	0.044485997932
101.246000000000	143.940001726151	0.044679214625
101.388000000000	146.465003490448	0.044637552492
101.311000000000	148.990005254745	0.044774958951
101.307000000000	151.515007019043	0.044860109483
101.225000000000	154.039993882179	0.044730626541
101.463000000000	156.564995646477	0.044990822062
101.258000000000	159.089997410774	0.044790598622
101.328000000000	161.614999175072	0.044974251068
101.307000000000	164.140000939369	0.045047203457
101.246000000000	166.665002703667	0.044912947487
101.274000000000	169.190004467964	0.044979973609
101.338000000000	171.715006232262	0.045150449296
101.328000000000	174.239993095398	0.045116561523
101.386000000000	176.770001649857	0.045290951675
101.238000000000	179.295003414154	0.045228724048
101.219000000000	181.820005178452	0.045386201236
101.254000000000	184.345006942749	0.045304925152
101.265000000000	186.869993805885	0.045382017561
101.365000000000	189.394995570183	0.045455850341
101.419000000000	191.919997334480	0.045510507334
101.048000000000	194.444999098778	0.045397482609
101.275000000000	196.970000863075	0.045681943448
101.453000000000	199.495002627373	0.045536224206
101.340000000000	202.020004391670	0.045794855396
101.221000000000	204.545006155968	0.045790216973
101.154000000000	207.069993019104	0.045598371798
101.254000000000	209.594994783401	0.045919045078
101.275000000000	212.099999189377	0.045729750127
101.386000000000	214.650005102158	0.046082936024
101.188000000000	217.150002717972	0.045846751163
101.295000000000	219.699993729591	0.046105531510
101.314000000000	222.200006246567	0.046126915549
101.131000000000	224.749997258186	0.045952718210
101.256000000000	227.249994874001	0.046263881814
101.230000000000	229.800000786781	0.046065455535
101.303000000000	232.299998402596	0.046353736252
101.347000000000	234.850004315376	0.046203174861
101.277000000000	237.350001931190	0.046207846026
101.418000000000	239.899992942810	0.046451004891
101.295000000000	242.400005459785	0.046422683226
101.202000000000	244.949996471405	0.046306729928
101.249000000000	247.500002384186	0.046567034587
101.158000000000	250.000000000000	0.046347700845
113.705000000000	0.000000000000	-0.000142317617
113.506000000000	2.524999901652	0.002034139698
113.617000000000	5.049999803305	0.003669491207
113.526000000000	7.575000170618	0.004906457889
113.621000000000	10.099999606609	0.005850412890
113.416000000000	12.625000439584	0.006538908110
113.550000000000	15.150000341237	0.007176324289
113.631000000000	17.674999311566	0.007584623290
113.663000000000	20.199999213219	0.007949279279
113.561000000000	22.724999114871	0.008254639397
113.521000000000	25.255000218749	0.008532197171
113.491000000000	27.780000120401	0.008722891835
113.673000000000	30.305000022054	0.008824262295
113.526000000000	32.829999923706	0.009026820408
113.466000000000	35.355001688004	0.009065224731
113.587000000000	37.879999727011	0.009182437680
113.566000000000	40.405001491308	0.009214389138
113.688000000000	42.929999530315	0.009265893823
113.631000000000	45.455001294613	0.009351470908
113.481000000000	47.979999333620	0.009382338249
113.663000000000	50.505001097918	0.009359056094
113.594000000000	53.029999136925	0.009450917787
113.552000000000	55.555000901222	0.009442019291
113.498000000000	58.079998940229	0.009496754501
113.554000000000	60.605000704527	0.009538297491
113.640000000000	63.129998743534	0.009520818821
113.537000000000	65.655000507832	0.009593776667
113.633000000000	68.180002272129	0.009611425412
113.391000000000	70.704996585846	0.009603994840
113.454000000000	73.229998350143	0.009677527487
113.731000000000	75.759999454021	0.009629075976
113.554000000000	78.285001218319	0.009637074072
113.596000000000	80.810002982616	0.009743707778
113.596000000000	83.334997296333	0.009703718206
113.524000000000	85.859999060631	0.009792185665
113.566000000000	88.385000824928	0.009743597730
113.587000000000	90.910002589226	0.009810695701
113.420000000000	93.434996902943	0.009777175364
113.445000000000	95.959998667240	0.009778994354
113.673000000000	98.485000431538	0.009820882951
113.729000000000	101.010002195835	0.009853049960
113.642000000000	103.534996509552	0.009827494978
113.740000000000	106.059998273849	0.009900256373
113.605000000000	108.585000038147	0.009839611266
113.460000000000	111.110001802444	0.009924754522
113.789000000000	113.635003566742	0.009907716958
113.496000000000	116.159997880459	0.009977666195
113.502000000000	118.684999644756	0.009980849427
113.700000000000	121.210001409054	0.009913255781
113.600000000000	123.735003173351	0.009955313544
113.680000000000	126.265004277229	0.009963212506
113.710000000000	128.790006041527	0.010032130376
113.485000000000	131.314992904663	0.010011239283
113.602000000000	133.839994668961	0.010013166502
113.761000000000	136.364996433258	0.010087461305
113.454000000000	138.889998197556	0.010055102393
113.621000000000	141.414999961853	0.010057765394
113.750000000000	143.940001726151	0.010090370779
113.589000000000	146.465003490448	0.010068742085
113.605000000000	148.990005254745	0.010133527212
113.610000000000	151.515007019043	0.010140785889
113.516000000000	154.039993882179	0.010092879165
113.563000000000	156.564995646477	0.010140052837
113.642000000000	159.089997410774	0.010137526260
113.585000000000	161.614999175072	0.010131784620
113.502000000000	164.140000939369	0.010218127500
113.542000000000	166.665002703667	0.010188388842
113.454000000000	169.190004467964	0.010243511497
113.688000000000	171.715006232262	0.010247786122
113.542000000000	174.239993095398	0.010206245861
113.659000000000	176.770001649857	0.010297216249
113.606000000000	179.295003414154	0.010266695426
113.529000000000	181.820005178452	0.010314691281
113.617000000000	184.345006942749	0.010287999430
113.665000000000	186.869993805885	0.010276003195
113.692000000000	189.394995570183	0.010376845239
113.626000000000	191.919997334480	0.010360552551
113.612000000000	194.444999098778	0.010327262316
113.694000000000	196.970000863075	0.010362253306
113.577000000000	199.495002627373	0.010356415260
113.596000000000	202.020004391670	0.010399330677
113.575000000000	204.545006155968	0.010416309124
113.584000000000	207.069993019104	0.010418463717
113.591000000000	209.594994783401	0.010468157598
113.533000000000	212.099999189377	0.010444159670
113.571000000000	214.650005102158	0.010509743333
113.635000000000	217.150002717972	0.010463401850
113.566000000000	219.699993729591	0.010452844435
113.612000000000	222.200006246567	0.010513434063
113.521000000000	224.749997258186	0.010472836948
113.573000000000	227.249994874001	0.010571927305
113.640000000000	229.800000786781	0.010514653695
113.652000000000	232.299998402596	0.010594255400
113.479000000000	234.850004315376	0.010541044503
113.577000000000	237.350001931190	0.010620651665
113.506000000000	239.899992942810	0.010560187548
113.573000000000	242.400005459785	0.010554390428
113.516000000000	244.949996471405	0.010641948393
113.456000000000	247.500002384186	0.010623926755
113.503000000000	250.000000000000	0.010592897524
125.238000000000	0.000000000000	-0.000069132206
125.303000000000	2.524999901652	0.000307048794
125.165000000000	5.049999803305	0.000542646603
125.426000000000	7.575000170618	0.000687414683
125.299000000000	10.099999606609	0.000793820675
125.297000000000	12.625000439584	0.000861141586
125.230000000000	15.150000341237	0.000917070224
125.299000000000	17.674999311566	0.000952080597
125.128000000000	20.199999213219	0.000993350113
125.282000000000	22.724999114871	0.001005495164
125.354000000000	25.255000218749	0.001026347604
125.554000000000	27.780000120401	0.001034302841
125.326000000000	30.305000022054	0.001036782351
125.491000000000	32.829999923706	0.001072310283
125.312000000000	35.355001688004	0.001069946734
125.391000000000	37.879999727011	0.001090473233
125.277000000000	40.405001491308	0.001087511464
125.331000000000	42.929999530315	0.001087700639
125.366000000000	45.455001294613	0.001100086138
125.372000000000	47.979999333620	0.001099763722
125.301000000000	50.505001097918	0.001099146516
125.435000000000	53.029999136925	0.001116344947
125.468000000000	55.555000901222	0.001110643097
125.207000000000	58.079998940229	0.001121466084
125.295000000000	60.605000704527	0.001114882934
125.331000000000	63.129998743534	0.001130770102
125.282000000000	65.655000507832	0.001126463530
125.349000000000	68.180002272129	0.001132621378
125.398000000000	70.704996585846	0.001133180604
125.272000000000	73.229998350143	0.001134313038
125.347000000000	75.759999454021	0.001138793095
125.237000000000	78.285001218319	0.001139310712
125.412000000000	80.810002982616	0.001143717668
125.287000000000	83.334997296333	0.001151736228
125.191000000000	85.859999060631	0.001146468549
125.312000000000	88.385000824928	0.001155209361
125.235000000000	90.910002589226	0.001145967644
125.253000000000	93.434996902943	0.001162124590
125.326000000000	95.959998667240	0.001153927656
125.398000000000	98.485000431538	0.001168199447
125.366000000000	101.010002195835	0.001160635293
125.209000000000	103.534996509552	0.001170430096
125.337000000000	106.059998273849	0.001163153570
125.195000000000	108.585000038147	0.001177218223
125.154000000000	111.110001802444	0.001169269922
125.366000000000	113.635003566742	0.001173434043
125.257000000000	116.159997880459	0.001176630235
125.282000000000	118.684999644756	0.001179563924
125.443000000000	121.210001409054	0.001185351834
125.272000000000	123.735003173351	0.001177699346
125.177000000000	126.265004277229	0.001189319732
125.356000000000	128.790006041527	0.001180116215
125.278000000000	131.314992904663	0.001197120355
125.506000000000	133.839994668961	0.001198876248
125.251000000000	136.364996433258	0.001187575549
125.429000000000	138.889998197556	0.001203092324
125.284000000000	141.414999961853	0.001192329250
125.289000000000	143.940001726151	0.001206900947
125.245000000000	146.465003490448	0.001198663313
125.366000000000	148.990005254745	0.001209509605
125.324000000000	151.515007019043	0.001213723976
125.299000000000	154.039993882179	0.001208339881
125.370000000000	156.564995646477	0.001221301659
125.421000000000	159.089997410774	0.001217807949
125.358000000000	161.614999175072	0.001217711883
125.356000000000	164.140000939369	0.001223608820
125.219000000000	166.665002703667	0.001212813459
125.445000000000	169.190004467964	0.001219197770
125.377000000000	171.715006232262	0.001229818054
125.525000000000	174.239993095398	0.001222451374
125.256000000000	176.770001649857	0.001226451673
125.333000000000	179.295003414154	0.001231644092
125.368000000000	181.820005178452	0.001242202416
125.370000000000	184.345006942749	0.001234406341
125.406000000000	186.869993805885	0.001235187938
125.263000000000	189.394995570183	0.001253091682
125.481000000000	191.919997334480	0.001248610715
125.347000000000	194.444999098778	0.001242865665
125.347000000000	196.970000863075	0.001252007223
125.544000000000	199.495002627373	0.001243014367
125.310000000000	202.020004391670	0.001260459840
125.212000000000	204.545006155968	0.001264858383
125.278000000000	207.069993019104	0.001253580649
125.445000000000	209.594994783401	0.001270135385
125.494000000000	212.099999189377	0.001262630008
125.475000000000	214.650005102158	0.001269294899
125.442000000000	217.150002717972	0.001266985691
125.282000000000	219.699993729591	0.001261535431
125.287000000000	222.200006246567	0.001271684937
125.320000000000	224.749997258186	0.001278578679
125.477000000000	227.249994874001	0.001270908115
125.442000000000	229.800000786781	0.001286892143
125.289000000000	232.299998402596	0.001278448963
125.209000000000	234.850004315376	0.001290892556
125.287000000000	237.350001931190	0.001293958462
125.310000000000	239.899992942810	0.001279655521
125.370000000000	242.400005459785	0.001285776420
125.263000000000	244.949996471405	0.001291971557
125.272000000000	247.500002384186	0.001296158189
125.447000000000	250.000000000000	0.001289820716
138.427000000000	0.000000000000	-0.000019334152
138.029000000000	2.524999901652	-0.000000412128
138.082000000000	5.049999803305	0.000009961391
137.899000000000	7.575000170618	0.000016361538
138.171000000000	10.099999606609	0.000020384684
138.178000000000	12.625000439584	0.000023539513
138.228000000000	15.150000341237	0.000025482354
138.379000000000	17.674999311566	0.000027606806
138.050000000000	20.199999213219	0.000028710508
138.222000000000	22.724999114871	0.000029698610
138.197000000000	25.255000218749	0.000031019702
138.192000000000	27.780000120401	0.000031394599
138.247000000000	30.305000022054	0.000031930067
138.255000000000	32.829999923706	0.000032780349
138.040000000000	35.355001688004	0.000033142307
137.948000000000	37.879999727011	0.000033504126
138.257000000000	40.405001491308	0.000033915843
138.157000000000	42.929999530315	0.000034174207
138.272000000000	45.455001294613	0.000034560241
138.157000000000	47.979999333620	0.000034764593
138.180000000000	50.505001097918	0.000034714088
138.099000000000	53.029999136925	0.000035269920
138.268000000000	55.555000901222	0.000035025316
138.332000000000	58.079998940229	0.000035469164
138.085000000000	60.605000704527	0.000035936644
138.266000000000	63.129998743534	0.000035153828
138.085000000000	65.655000507832	0.000035947529
138.096000000000	68.180002272129	0.000035538026
138.288000000000	70.704996585846	0.000036063625
138.111000000000	73.229998350143	0.000036026748
138.228000000000	75.759999454021	0.000035988613
138.165000000000	78.285001218319	0.000036280177
138.253000000000	80.810002982616	0.000036677147
138.364000000000	83.334997296333	0.000036548446
138.164000000000	85.859999060631	0.000037097845
138.127000000000	88.385000824928	0.000036758799
138.192000000000	90.910002589226	0.000037405993
138.092000000000	93.434996902943	0.000037119523
138.161000000000	95.959998667240	0.000037448334
138.383000000000	98.485000431538	0.000037253336
138.232000000000	101.010002195835	0.000037614488
138.134000000000	103.534996509552	0.000037579458
138.155000000000	106.059998273849	0.000038178236
138.339000000000	108.585000038147	0.000038031569
138.343000000000	111.110001802444	0.000038519836
138.050000000000	113.635003566742	0.000038376598
138.092000000000	116.159997880459	0.000038438543
138.146000000000	118.684999644756	0.000038975596
138.178000000000	121.210001409054	0.000038742822
138.209000000000	123.735003173351	0.000039096726
138.099000000000	126.265004277229	0.000039412559
138.159000000000	128.790006041527	0.000039087247
138.280000000000	131.314992904663	0.000039803297
138.088000000000	133.839994668961	0.000039691500
137.987000000000	136.364996433258	0.000039353768
138.127000000000	138.889998197556	0.000040257010
138.253000000000	141.414999961853	0.000039891052
138.099000000000	143.940001726151	0.000040139359
138.134000000000	146.465003490448	0.000039869253
138.171000000000	148.990005254745	0.000040740201
138.117000000000	151.515007019043	0.000040922501
138.157000000000	154.039993882179	0.000040652452
138.117000000000	156.564995646477	0.000040898794
138.226000000000	159.089997410774	0.000041079542
138.103000000000	161.614999175072	0.000040732733
138.295000000000	164.140000939369	0.000041207425
138.144000000000	166.665002703667	0.000040963865
138.245000000000	169.190004467964	0.000041771028
138.186000000000	171.715006232262	0.000041579518
138.205000000000	174.239993095398	0.000041841322
138.228000000000	176.770001649857	0.000041913676
138.136000000000	179.295003414154	0.000041894729
138.213000000000	181.820005178452	0.000042191537
138.015000000000	184.345006942749	0.000042011433
138.195000000000	186.869993805885	0.000042126953
138.276000000000	189.394995570183	0.000042800011
138.299000000000	191.919997334480	0.000042528566
138.205000000000	194.444999098778	0.000043013010
138.143000000000	196.970000863075	0.000042705445
138.148000000000	199.495002627373	0.000043183519
138.247000000000	202.020004391670	0.000043148805
138.127000000000	204.545006155968	0.000042935710
138.144000000000	207.069993019104	0.000043372701
138.132000000000	209.594994783401	0.000043173525
138.309000000000	212.099999189377	0.000043746400
138.159000000000	214.650005102158	0.000043314131
138.153000000000	217.150002717972	0.000044175128
138.285000000000	219.699993729591	0.000043663050
138.080000000000	222.200006246567	0.000044466134
138.215000000000	224.749997258186	0.000044053330
138.209000000000	227.249994874001	0.000044467605
137.996000000000	229.800000786781	0.000044234984
138.239000000000	232.299998402596	0.000044215057
138.106000000000	234.850004315376	0.000045161428
138.061000000000	237.350001931190	0.000044892733
138.157000000000	239.899992942810	0.000044673939
138.334000000000	242.400005459785	0.000045329035
138.243000000000	244.949996471405	0.000045240128
138.134000000000	247.500002384186	0.000045467029
138.127000000000	250.000000000000	0.000045650204
150.180000000000	0.000000000000	-0.000006177647
150.534000000000	2.524999901652	-0.000004627838
150.502000000000	5.049999803305	-0.000003519832
150.525000000000	7.575000170618	-0.000002744551
150.385000000000	10.099999606609	-0.000002117288
150.476000000000	12.625000439584	-0.000001571915
150.423000000000	15.150000341237	-0.000001157605
150.348000000000	17.674999311566	-0.000000793421
150.392000000000	20.199999213219	-0.000000528537
150.423000000000	22.724999114871	-0.000000271883
150.448000000000	25.255000218749	-0.000000077649
150.416000000000	27.780000120401	0.000000061335
150.416000000000	30.305000022054	0.000000183000
150.496000000000	32.829999923706	0.000000273359
150.563000000000	35.355001688004	0.000000347111
150.414000000000	37.879999727011	0.000000383886
150.364000000000	40.405001491308	0.000000403453
150.483000000000	42.929999530315	0.000000389656
150.383000000000	45.455001294613	0.000000433355
150.477000000000	47.979999333620	0.000000448657
150.530000000000	50.505001097918	0.000000450914
150.220000000000	53.029999136925	0.000000457588
150.567000000000	55.555000901222	0.000000453473
150.581000000000	58.079998940229	0.000000460347
150.494000000000	60.605000704527	0.000000457738
150.435000000000	63.129998743534	0.000000486687
150.507000000000	65.655000507832	0.000000471033
150.337000000000	68.180002272129	0.000000485031
150.519000000000	70.704996585846	0.000000487590
150.356000000000	73.229998350143	0.000000494213
150.358000000000	75.759999454021	0.000000501838
150.537000000000	78.285001218319	0.000000502139
150.511000000000	80.810002982616	0.000000521556
150.446000000000	83.334997296333	0.000000521054
150.511000000000	85.859999060631	0.000000511472
150.388000000000	88.385000824928	0.000000532894
150.477000000000	90.910002589226	0.000000527476
150.465000000000	93.434996902943	0.000000542276
150.492000000000	95.959998667240	0.000000558682
150.343000000000	98.485000431538	0.000000548097
150.385000000000	101.010002195835	0.000000555672
150.385000000000	103.534996509552	0.000000561643
150.557000000000	106.059998273849	0.000000562044
150.569000000000	108.585000038147	0.000000576243
150.465000000000	111.110001802444	0.000000589990
150.390000000000	113.635003566742	0.000000572730
150.462000000000	116.159997880459	0.000000598318
150.600000000000	118.684999644756	0.000000611111
150.455000000000	121.210001409054	0.000000625159
150.567000000000	123.735003173351	0.000000612667
150.492000000000	126.265004277229	0.000000617734
150.502000000000	128.790006041527	0.000000610710
150.293000000000	131.314992904663	0.000000613017
150.444000000000	133.839994668961	0.000000654511
150.335000000000	136.364996433258	0.000000654108
150.392000000000	138.889998197556	0.000000647637
150.613000000000	141.414999961853	0.000000647485
150.455000000000	143.940001726151	0.000000650446
150.509000000000	146.465003490448	0.000000648088
150.450000000000	148.990005254745	0.000000673072
150.496000000000	151.515007019043	0.000000680950
150.542000000000	154.039993882179	0.000000675833
150.377000000000	156.564995646477	0.000000685766
150.453000000000	159.089997410774	0.000000693241
150.353000000000	161.614999175072	0.000000704630
150.486000000000	164.140000939369	0.000000706085
150.353000000000	166.665002703667	0.000000707239
150.446000000000	169.190004467964	0.000000698961
150.536000000000	171.715006232262	0.000000724900
150.429000000000	174.239993095398	0.000000708995
150.546000000000	176.770001649857	0.000000768748
150.446000000000	179.295003414154	0.000000736489
150.381000000000	181.820005178452	0.000000745972
150.400000000000	184.345006942749	0.000000736439
150.381000000000	186.869993805885	0.000000748881
150.592000000000	189.394995570183	0.000000762076
150.453000000000	191.919997334480	0.000000772361
150.358000000000	194.444999098778	0.000000750286
150.465000000000	196.970000863075	0.000000760421
150.507000000000	199.495002627373	0.000000793935
150.492000000000	202.020004391670	0.000000774518
150.388000000000	204.545006155968	0.000000788416
150.404000000000	207.069993019104	0.000000809288
150.496000000000	209.594994783401	0.000000817365
150.442000000000	212.099999189377	0.000000802815
150.613000000000	214.650005102158	0.000000811194
150.411000000000	217.150002717972	0.000000782697
150.425000000000	219.699993729591	0.000000819472
150.605000000000	222.200006246567	0.000000858606
150.558000000000	224.749997258186	0.000000828202
150.469000000000	227.249994874001	0.000000840244
150.329000000000	229.800000786781	0.000000828052
150.392000000000	232.299998402596	0.000000823537
150.356000000000	234.850004315376	0.000000847870
150.379000000000	237.350001931190	0.000000870446
150.502000000000	239.899992942810	0.000000863974
150.458000000000	242.400005459785	0.000000883040
150.513000000000	244.949996471405	0.000000884195
150.490000000000	247.500002384186	0.000000895934
150.494000000000	250.000000000000	0.000000913545
162.095000000000	0.000000000000	-0.000002329132
162.394000000000	2.524999901652	-0.000001933687
162.311000000000	5.049999803305	-0.000001491832
162.111000000000	7.575000170618	-0.000001164379
162.072000000000	10.099999606609	-0.000000894177
162.241000000000	12.625000439584	-0.000000676709
162.353000000000	15.150000341237	-0.000000503700
162.308000000000	17.674999311566	-0.000000374344
162.191000000000	20.199999213219	-0.000000252665
162.223000000000	22.724999114871	-0.000000164906
162.216000000000	25.255000218749	-0.000000108005
162.267000000000	27.780000120401	-0.000000077899
162.134000000000	30.305000022054	-0.000000059685
162.178000000000	32.829999923706	-0.000000020497
162.199000000000	35.355001688004	-0.000000048395
162.350000000000	37.879999727011	-0.000000036152
162.272000000000	40.405001491308	-0.000000026920
162.178000000000	42.929999530315	-0.000000022705
162.097000000000	45.455001294613	-0.000000036202
162.178000000000	47.979999333620	-0.000000031988
162.164000000000	50.505001097918	-0.000000037055
162.197000000000	53.029999136925	-0.000000027421
162.204000000000	55.555000901222	-0.000000026669
162.297000000000	58.079998940229	-0.000000049600
162.183000000000	60.605000704527	-0.000000042976
162.158000000000	63.129998743534	-0.000000028626
162.250000000000	65.655000507832	-0.000000035048
162.230000000000	68.180002272129	-0.000000011666
162.225000000000	70.704996585846	-0.000000022002
162.314000000000	73.229998350143	-0.000000010662
162.083000000000	75.759999454021	-0.000000024060
162.053000000000	78.285001218319	-0.000000048797
162.318000000000	80.810002982616	-0.000000024963
162.191000000000	83.334997296333	-0.000000026568
162.272000000000	85.859999060631	-0.000000022354
162.256000000000	88.385000824928	-0.000000016483
162.272000000000	90.910002589226	-0.000000044381
162.306000000000	93.434996902943	-0.000000030131
162.197000000000	95.959998667240	-0.000000020196
162.297000000000	98.485000431538	-0.000000016734
162.009000000000	101.010002195835	-0.000000041923
162.099000000000	103.534996509552	-0.000000031486
162.109000000000	106.059998273849	-0.000000022504
162.007000000000	108.585000038147	-0.000000017135
162.169000000000	111.110001802444	-0.000000002233
162.308000000000	113.635003566742	-0.000000020196
162.066000000000	116.159997880459	-0.000000024812
162.134000000000	118.684999644756	-0.000000024160
162.178000000000	121.210001409054	-0.000000026819
162.302000000000	123.735003173351	-0.000000008906
162.145000000000	126.265004277229	-0.000000032690
162.377000000000	128.790006041527	-0.000000020347
162.088000000000	131.314992904663	-0.000000036453
162.176000000000	133.839994668961	-0.000000024561
162.274000000000	136.364996433258	-0.000000006949
162.316000000000	138.889998197556	-0.000000024310
162.388000000000	141.414999961853	-0.000000025314
162.116000000000	143.940001726151	-0.000000026217
162.137000000000	146.465003490448	-0.000000013121
162.189000000000	148.990005254745	-0.000000018038
162.214000000000	151.515007019043	-0.000000006247
162.283000000000	154.039993882179	-0.000000024963
162.258000000000	156.564995646477	-0.000000020146
162.202000000000	159.089997410774	-0.000000034145
162.248000000000	161.614999175072	-0.000000023708
162.233000000000	164.140000939369	-0.000000015178
162.258000000000	166.665002703667	-0.000000036353
162.124000000000	169.190004467964	-0.000000016784
162.241000000000	171.715006232262	-0.000000020848
162.304000000000	174.239993095398	-0.000000025264
162.311000000000	176.770001649857	-0.000000013322
162.258000000000	179.295003414154	-0.000000018891
162.204000000000	181.820005178452	-0.000000038611
162.166000000000	184.345006942749	-0.000000016282
162.233000000000	186.869993805885	-0.000000009508
162.055000000000	189.394995570183	-0.000000034446
162.160000000000	191.919997334480	-0.000000028074
162.195000000000	194.444999098778	-0.000000031586
162.277000000000	196.970000863075	-0.000000029730
161.995000000000	199.495002627373	-0.000000023357
162.302000000000	202.020004391670	-0.000000022906
162.083000000000	204.545006155968	-0.000000031335
162.227000000000	207.069993019104	-0.000000028475
162.185000000000	209.594994783401	-0.000000027622
162.279000000000	212.099999189377	-0.000000016834
162.258000000000	214.650005102158	-0.000000015379
162.181000000000	217.150002717972	-0.000000013071
162.214000000000	219.699993729591	-0.000000019142
162.269000000000	222.200006246567	-0.000000017386
162.335000000000	224.749997258186	-0.000000008204
162.267000000000	227.249994874001	-0.000000010662
162.250000000000	229.800000786781	-0.000000017988
162.202000000000	232.299998402596	-0.000000018139
162.337000000000	234.850004315376	0.000000008254
162.116000000000	237.350001931190	-0.000000015078
162.183000000000	239.899992942810	-0.000000014376
162.120000000000	242.400005459785	-0.000000022153
162.227000000000	244.949996471405	-0.000000009157
162.143000000000	247.500002384186	0.000000006849
162.327000000000	250.000000000000	-0.000000009809
174.844000000000	0.000000000000	-0.000000690407
175.235000000000	2.524999901652	-0.000000549560
175.084000000000	5.049999803305	-0.000000366616
175.120000000000	7.575000170618	-0.000000253066
175.012000000000	10.099999606609	-0.000000172482
174.930000000000	12.625000439584	-0.000000131739
175.182000000000	15.150000341237	-0.000000089340
174.973000000000	17.674999311566	-0.000000060086
174.984000000000	20.199999213219	-0.000000042876
175.122000000000	22.724999114871	-0.000000042926
175.179000000000	25.255000218749	-0.000000041621
175.177000000000	27.780000120401	-0.000000045585
174.896000000000	30.305000022054	-0.000000024612
175.080000000000	32.829999923706	-0.000000024160
175.126000000000	35.355001688004	-0.000000014677
175.210000000000	37.879999727011	-0.000000025866
174.926000000000	40.405001491308	-0.000000023909
175.028000000000	42.929999530315	-0.000000052911
175.158000000000	45.455001294613	-0.000000025966
175.030000000000	47.979999333620	-0.000000028274
175.003000000000	50.505001097918	-0.000000015881
174.967000000000	53.029999136925	-0.000000039263
175.112000000000	55.555000901222	-0.000000025013
175.110000000000	58.079998940229	-0.000000038410
175.070000000000	60.605000704527	-0.000000024361
175.137000000000	63.129998743534	-0.000000023859
175.285000000000	65.655000507832	-0.000000018490
175.133000000000	68.180002272129	-0.000000042023
175.040000000000	70.704996585846	-0.000000036805
175.205000000000	73.229998350143	-0.000000030984
174.994000000000	75.759999454021	-0.000000050352
175.135000000000	78.285001218319	-0.000000029328
175.151000000000	80.810002982616	-0.000000026167
174.972000000000	83.334997296333	-0.000000043026
175.240000000000	85.859999060631	-0.000000025615
175.070000000000	88.385000824928	-0.000000036704
175.120000000000	90.910002589226	-0.000000029378
175.061000000000	93.434996902943	-0.000000018390
174.984000000000	95.959998667240	-0.000000053614
174.988000000000	98.485000431538	-0.000000030934
175.072000000000	101.010002195835	-0.000000016182
175.175000000000	103.534996509552	-0.000000023156
174.982000000000	106.059998273849	-0.000000025465
174.982000000000	108.585000038147	-0.000000016533
175.114000000000	111.110001802444	-0.000000032289
175.068000000000	113.635003566742	-0.000000022705
175.003000000000	116.159997880459	-0.000000042324
175.093000000000	118.684999644756	-0.000000026267
175.076000000000	121.210001409054	-0.000000023809
175.036000000000	123.735003173351	-0.000000001330
175.193000000000	126.265004277229	-0.000000020949
174.970000000000	128.790006041527	-0.000000027973
174.863000000000	131.314992904663	-0.000000037407
175.063000000000	133.839994668961	-0.000000033292
174.963000000000	136.364996433258	-0.000000023608
175.105000000000	138.889998197556	-0.000000027070
175.015000000000	141.414999961853	-0.000000025063
175.241000000000	143.940001726151	-0.000000034898
175.103000000000	146.465003490448	-0.000000027773
175.003000000000	148.990005254745	-0.000000038862
175.095000000000	151.515007019043	-0.000000039313
175.022000000000	154.039993882179	-0.000000030432
175.049000000000	156.564995646477	0.000000003788
175.017000000000	159.089997410774	-0.000000030984
174.972000000000	161.614999175072	-0.000000019694
175.022000000000	164.140000939369	-0.000000034045
175.014000000000	166.665002703667	-0.000000020447
174.898000000000	169.190004467964	-0.000000025966
174.988000000000	171.715006232262	-0.000000026016
175.172000000000	174.239993095398	-0.000000036855
175.097000000000	176.770001649857	-0.000000030633
174.972000000000	179.295003414154	-0.000000052861
175.170000000000	181.820005178452	-0.000000034998
175.099000000000	184.345006942749	-0.000000031787
175.042000000000	186.869993805885	-0.000000018139
175.001000000000	189.394995570183	-0.000000019694
175.024000000000	191.919997334480	-0.000000035801
175.114000000000	194.444999098778	-0.000000044080
175.053000000000	196.970000863075	-0.000000040116
175.076000000000	199.495002627373	-0.000000030633
175.154000000000	202.020004391670	-0.000000042625
175.042000000000	204.545006155968	-0.000000028575
175.191000000000	207.069993019104	-0.000000030884
175.352000000000	209.594994783401	-0.000000039865
174.994000000000	212.099999189377	-0.000000029328
175.141000000000	214.650005102158	-0.000000009910
174.982000000000	217.150002717972	-0.000000042324
175.038000000000	219.699993729591	-0.000000029780
175.036000000000	222.200006246567	-0.000000038260
175.080000000000	224.749997258186	-0.000000033844
174.965000000000	227.249994874001	-0.000000028475
175.237000000000	229.800000786781	-0.000000008856
175.032000000000	232.299998402596	-0.000000031987
174.940000000000	234.850004315376	-0.000000029328
174.980000000000	237.350001931190	-0.000000037055
175.243000000000	239.899992942810	-0.000000029930
174.980000000000	242.400005459785	-0.000000028475
175.097000000000	244.949996471405	-0.000000008906
175.019000000000	247.500002384186	-0.000000037156
175.059000000000	250.000000000000	-0.000000028575
187.443000000000	0.000000000000	-0.000000134900
187.363000000000	2.524999901652	-0.000000097267
187.189000000000	5.049999803305	-0.000000075089
187.181000000000	7.575000170618	-0.000000062545
187.538000000000	10.099999606609	-0.000000041220
187.428000000000	12.625000439584	-0.000000057879
187.313000000000	15.150000341237	-0.000000036503
187.289000000000	17.674999311566	-0.000000027221
187.457000000000	20.199999213219	-0.000000009057
187.298000000000	22.724999114871	-0.000000033493
187.365000000000	25.255000218749	-0.000000057828
187.440000000000	27.780000120401	-0.000000034446
187.390000000000	30.305000022054	-0.000000031586
187.057000000000	32.829999923706	-0.000000032790
187.359000000000	35.355001688004	-0.000000017336
187.492000000000	37.879999727011	-0.000000025565
187.384000000000	40.405001491308	-0.000000033794
187.443000000000	42.929999530315	-0.000000037105
187.292000000000	45.455001294613	-0.000000035098
187.447000000000	47.979999333620	-0.000000020447
187.384000000000	50.505001097918	-0.000000012419
187.382000000000	53.029999136925	-0.000000023608
187.599000000000	55.555000901222	-0.000000035349
187.394000000000	58.079998940229	-0.000000034346
187.308000000000	60.605000704527	-0.000000041722
187.405000000000	63.129998743534	-0.000000010261
187.198000000000	65.655000507832	-0.000000027823
187.408000000000	68.180002272129	-0.000000037256
187.352000000000	70.704996585846	-0.000000028726
187.501000000000	73.229998350143	-0.000000033944
187.413000000000	75.759999454021	-0.000000031134
187.373000000000	78.285001218319	-0.000000027120
187.334000000000	80.810002982616	-0.000000026819
187.217000000000	83.334997296333	-0.000000026317
187.321000000000	85.859999060631	-0.000000037808
187.252000000000	88.385000824928	-0.000000031185
187.308000000000	90.910002589226	-0.000000037306
187.449000000000	93.434996902943	-0.000000030482
187.476000000000	95.959998667240	-0.000000030332
187.359000000000	98.485000431538	-0.000000030332
187.394000000000	101.010002195835	-0.000000009809
187.325000000000	103.534996509552	-0.000000034847
187.231000000000	106.059998273849	-0.000000035951
187.407000000000	108.585000038147	-0.000000030281
187.256000000000	111.110001802444	-0.000000048596
187.282000000000	113.635003566742	-0.000000030733
187.284000000000	116.159997880459	-0.000000011616
187.261000000000	118.684999644756	-0.000000033192
187.359000000000	121.210001409054	-0.000000028124
187.396000000000	123.735003173351	-0.000000042023
187.371000000000	126.265004277229	-0.000000044632
187.164000000000	128.790006041527	-0.000000032188
187.329000000000	131.314992904663	-0.000000029077
187.390000000000	133.839994668961	-0.000000017637
187.361000000000	136.364996433258	-0.000000028826
187.346000000000	138.889998197556	-0.000000027572
187.348000000000	141.414999961853	-0.000000034095
187.508000000000	143.940001726151	-0.000000031285
187.315000000000	146.465003490448	-0.000000027321
187.424000000000	148.990005254745	-0.000000033493
187.357000000000	151.515007019043	-0.000000011766
187.375000000000	154.039993882179	-0.000000038109
187.289000000000	156.564995646477	-0.000000036002
187.394000000000	159.089997410774	-0.000000054717
187.471000000000	161.614999175072	-0.000000033142
187.408000000000	164.140000939369	-0.000000033443
187.401000000000	166.665002703667	-0.000000037306
187.259000000000	169.190004467964	-0.000000030582
187.445000000000	171.715006232262	-0.000000029479
187.463000000000	174.239993095398	-0.000000045435
187.219000000000	176.770001649857	-0.000000034898
187.210000000000	179.295003414154	-0.000000024411
187.449000000000	181.820005178452	-0.000000034697
187.306000000000	184.345006942749	-0.000000029077
187.256000000000	186.869993805885	-0.000000035450
187.468000000000	189.394995570183	-0.000000029679
187.408000000000	191.919997334480	-0.000000030633
187.440000000000	194.444999098778	-0.000000033844
187.520000000000	196.970000863075	-0.000000029679
187.280000000000	199.495002627373	-0.000000035299
187.515000000000	202.020004391670	-0.000000046840
187.231000000000	204.545006155968	-0.000000031185
187.315000000000	207.069993019104	-0.000000025113
187.233000000000	209.594994783401	-0.000000033794
187.510000000000	212.099999189377	-0.000000031335
187.324000000000	214.650005102158	-0.000000040066
187.369000000000	217.150002717972	-0.000000033443
187.321000000000	219.699993729591	-0.000000036002
187.201000000000	222.200006246567	-0.000000038711
187.450000000000	224.749997258186	-0.000000032439
187.324000000000	227.249994874001	-0.000000026217
187.457000000000	229.800000786781	-0.000000037206
187.392000000000	232.299998402596	-0.000000022354
187.424000000000	234.850004315376	-0.000000026468
187.350000000000	237.350001931190	-0.000000036905
187.390000000000	239.899992942810	-0.000000054065
187.428000000000	242.400005459785	-0.000000051857
187.271000000000	244.949996471405	-0.000000034697
187.419000000000	247.500002384186	-0.000000041672
187.508000000000	250.000000000000	-0.000000037758
199.660000000000	0.000000000000	-0.000000041370
200.114000000000	2.524999901652	-0.000000025013
200.296000000000	5.049999803305	-0.000000026819
200.302000000000	7.575000170618	-0.000000029228
199.953000000000	10.099999606609	-0.000000059233
200.191000000000	12.625000439584	-0.000000017637
200.286000000000	15.150000341237	-0.000000028174
200.150000000000	17.674999311566	-0.000000029428
200.143000000000	20.199999213219	-0.000000036553
200.232000000000	22.724999114871	-0.000000033392
200.211000000000	25.255000218749	-0.000000030783
200.191000000000	27.780000120401	-0.000000026318
200.153000000000	30.305000022054	-0.000000028174
200.060000000000	32.829999923706	-0.000000042474
200.116000000000	35.355001688004	-0.000000047241
200.232000000000	37.879999727011	-0.000000031435
200.070000000000	40.405001491308	-0.000000023758
200.132000000000	42.929999530315	-0.000000035851
200.374000000000	45.455001294613	-0.000000043327
200.146000000000	47.979999333620	-0.000000021199
200.348000000000	50.505001097918	-0.000000034647
200.235000000000	53.029999136925	-0.000000023909
200.191000000000	55.555000901222	-0.000000021049
200.260000000000	58.079998940229	-0.000000045134
200.237000000000	60.605000704527	-0.000000036303
200.151000000000	63.129998743534	-0.000000009508
200.160000000000	65.655000507832	-0.000000023909
200.229000000000	68.180002272129	-0.000000039564
200.252000000000	70.704996585846	-0.000000035098
200.022000000000	73.229998350143	-0.000000056323
200.248000000000	75.759999454021	-0.000000036754
200.095000000000	78.285001218319	-0.000000033141
200.316000000000	80.810002982616	-0.000000033242
200.060000000000	83.334997296333	-0.000000023056
200.153000000000	85.859999060631	-0.000000041471
200.204000000000	88.385000824928	-0.000000018640
200.416000000000	90.910002589226	-0.000000023207
200.242000000000	93.434996902943	-0.000000026067
200.129000000000	95.959998667240	-0.000000013472
200.246000000000	98.485000431538	-0.000000037557
200.340000000000	101.010002195835	-0.000000031987
200.195000000000	103.534996509552	-0.000000044883
200.074000000000	106.059998273849	-0.000000031736
200.150000000000	108.585000038147	-0.000000030030
200.193000000000	111.110001802444	-0.000000027070
200.104000000000	113.635003566742	-0.000000032038
200.120000000000	116.159997880459	-0.000000046288
200.237000000000	118.684999644756	-0.000000032941
200.027000000000	121.210001409054	-0.000000039865
200.292000000000	123.735003173351	-0.000000024812
200.290000000000	126.265004277229	-0.000000023407
200.262000000000	128.790006041527	-0.000000033543
200.141000000000	131.314992904663	-0.000000032941
200.181000000000	133.839994668961	-0.000000021601
200.256000000000	136.364996433258	-0.000000036403
200.112000000000	138.889998197556	-0.000000032539
200.191000000000	141.414999961853	-0.000000026016
200.108000000000	143.940001726151	-0.000000029127
200.316000000000	146.465003490448	-0.000000021701
200.419000000000	148.990005254745	-0.000000027823
200.030000000000	151.515007019043	-0.000000032389
200.018000000000	154.039993882179	-0.000000031736
200.116000000000	156.564995646477	-0.000000012720
200.212000000000	159.089997410774	-0.000000036303
200.160000000000	161.614999175072	-0.000000031636
200.183000000000	164.140000939369	-0.000000038360
200.156000000000	166.665002703667	-0.000000054818
200.325000000000	169.190004467964	-0.000000026819
200.239000000000	171.715006232262	-0.000000028124
200.060000000000	174.239993095398	-0.000000030683
200.169000000000	176.770001649857	-0.000000027773
200.279000000000	179.295003414154	-0.000000052008
200.018000000000	181.820005178452	-0.000000039062
200.143000000000	184.345006942749	-0.000000035399
200.283000000000	186.869993805885	-0.000000030633
200.190000000000	189.394995570183	-0.000000025665
200.171000000000	191.919997334480	-0.000000029980
200.386000000000	194.444999098778	-0.000000040066
200.248000000000	196.970000863075	-0.000000037808
200.181000000000	199.495002627373	-0.000000028876
200.181000000000	202.020004391670	-0.000000034396
200.225000000000	204.545006155968	-0.000000029428
200.237000000000	207.069993019104	-0.000000040467
200.153000000000	209.594994783401	-0.000000032640
199.976000000000	212.099999189377	-0.000000032891
200.174000000000	214.650005102158	-0.000000005544
200.204000000000	217.150002717972	-0.000000039464
200.179000000000	219.699993729591	-0.000000032991
200.208000000000	222.200006246567	-0.000000054216
200.325000000000	224.749997258186	-0.000000023909
200.294000000000	227.249994874001	-0.000000006247
200.141000000000	229.800000786781	-0.000000044582
200.195000000000	232.299998402596	-0.000000038761
200.208000000000	234.850004315376	-0.000000035901
200.043000000000	237.350001931190	-0.000000051807
200.336000000000	239.899992942810	-0.000000035550
200.286000000000	242.400005459785	-0.000000027622
200.169000000000	244.949996471405	-0.000000032238
200.332000000000	247.500002384186	-0.000000033693
200.200000000000	250.000000000000	-0.000000026468
210.924000000000	0.000000000000	-0.000000035098
212.551000000000	2.524999901652	-0.000000025966
212.520000000000	5.049999803305	-0.000000033091
212.432000000000	7.575000170618	-0.000000029378
212.637000000000	10.099999606609	-0.000000033392
212.589000000000	12.625000439584	-0.000000008956
212.482000000000	15.150000341237	-0.000000033493
212.418000000000	17.674999311566	-0.000000027271
212.684000000000	20.199999213219	-0.000000042876
212.390000000000	22.724999114871	-0.000000051556
212.579000000000	25.255000218749	-0.000000024160
212.668000000000	27.780000120401	-0.000000029679
212.516000000000	30.305000022054	-0.000000026669
212.484000000000	32.829999923706	-0.000000027170
212.649000000000	35.355001688004	-0.000000032439
212.437000000000	37.879999727011	-0.000000026418
212.562000000000	40.405001491308	-0.000000037657
212.468000000000	42.929999530315	-0.000000027271
212.355000000000	45.455001294613	-0.000000040618
212.418000000000	47.979999333620	-0.000000037507
212.566000000000	50.505001097918	-0.000000035249
212.416000000000	53.029999136925	-0.000000033543
212.384000000000	55.555000901222	-0.000000025113
212.502000000000	58.079998940229	-0.000000039664
212.349000000000	60.605000704527	-0.000000026016
212.644000000000	63.129998743534	-0.000000032589
212.465000000000	65.655000507832	-0.000000025414
212.502000000000	68.180002272129	-0.000000026067
212.397000000000	70.704996585846	-0.000000034496
212.533000000000	73.229998350143	-0.000000055620
212.395000000000	75.759999454021	-0.000000023056
212.600000000000	78.285001218319	-0.000000035801
212.432000000000	80.810002982616	-0.000000038560
212.326000000000	83.334997296333	-0.000000030281
212.512000000000	85.859999060631	-0.000000013121
212.472000000000	88.385000824928	-0.000000048997
212.503000000000	90.910002589226	-0.000000032891
212.584000000000	93.434996902943	-0.000000027070
212.484000000000	95.959998667240	-0.000000031787
212.420000000000	98.485000431538	-0.000000026719
212.591000000000	101.010002195835	-0.000000035801
212.512000000000	103.534996509552	-0.000000029679
212.564000000000	106.059998273849	-0.000000031084
212.530000000000	108.585000038147	-0.000000029529
212.610000000000	111.110001802444	-0.000000030582
212.470000000000	113.635003566742	-0.000000028425
212.281000000000	116.159997880459	-0.000000035951
212.514000000000	118.684999644756	-0.000000013924
212.445000000000	121.210001409054	-0.000000042926
212.568000000000	123.735003173351	-0.000000038862
212.482000000000	126.265004277229	-0.000000031787
212.461000000000	128.790006041527	-0.000000044230
212.411000000000	131.314992904663	-0.000000042424
212.539000000000	133.839994668961	-0.000000021400
212.589000000000	136.364996433258	-0.000000039464
212.512000000000	138.889998197556	-0.000000029328
212.461000000000	141.414999961853	-0.000000037156
212.407000000000	143.940001726151	-0.000000033342
212.455000000000	146.465003490448	-0.000000026317
212.380000000000	148.990005254745	-0.000000038510
212.416000000000	151.515007019043	-0.000000039614
212.313000000000	154.039993882179	-0.000000029378
212.541000000000	156.564995646477	-0.000000038310
212.528000000000	159.089997410774	-0.000000028726
212.518000000000	161.614999175072	-0.000000025615
212.572000000000	164.140000939369	-0.000000039614
212.370000000000	166.665002703667	-0.000000010010
212.440000000000	169.190004467964	-0.000000032640
212.479000000000	171.715006232262	-0.000000052610
212.470000000000	174.239993095398	-0.000000040517
212.514000000000	176.770001649857	-0.000000032589
212.605000000000	179.295003414154	-0.000000033593
212.440000000000	181.820005178452	-0.000000012418
212.554000000000	184.345006942749	-0.000000033693
212.625000000000	186.869993805885	-0.000000010311
212.570000000000	189.394995570183	-0.000000032038
212.460000000000	191.919997334480	-0.000000033543
212.405000000000	194.444999098778	-0.000000038912
212.465000000000	196.970000863075	-0.000000051406
212.554000000000	199.495002627373	-0.000000024963
212.489000000000	202.020004391670	-0.000000039062
212.502000000000	204.545006155968	-0.000000033442
212.558000000000	207.069993019104	-0.000000035299
212.439000000000	209.594994783401	-0.000000024260
212.472000000000	212.099999189377	-0.000000055319
212.451000000000	214.650005102158	-0.000000032991
212.514000000000	217.150002717972	-0.000000035148
212.424000000000	219.699993729591	-0.000000031486
212.461000000000	222.200006246567	-0.000000035349
212.449000000000	224.749997258186	-0.000000035148
212.386000000000	227.249994874001	-0.000000033242
212.625000000000	229.800000786781	-0.000000035700
212.581000000000	232.299998402596	-0.000000040116
212.418000000000	234.850004315376	-0.000000051456
212.403000000000	237.350001931190	-0.000000031636
212.500000000000	239.899992942810	-0.000000031285
212.602000000000	242.400005459785	-0.000000036001
212.551000000000	244.949996471405	-0.000000038661
212.420000000000	247.500002384186	-0.000000026869
212.579000000000	250.000000000000	-0.000000047693
223.439000000000	0.000000000000	-0.000000033342
224.216000000000	2.524999901652	-0.000000036804
224.384000000000	5.049999803305	-0.000000034847
224.263000000000	7.575000170618	-0.000000026468
224.311000000000	10.099999606609	-0.000000050252
224.104000000000	12.625000439584	-0.000000033593
224.114000000000	15.150000341237	-0.000000032138
224.267000000000	17.674999311566	-0.000000026819
224.255000000000	20.199999213219	-0.000000027622
224.319000000000	22.724999114871	-0.000000032088
224.321000000000	25.255000218749	-0.000000031787
224.137000000000	27.780000120401	-0.000000040066
224.205000000000	30.305000022054	-0.000000036303
224.360000000000	32.829999923706	-0.000000033141
224.277000000000	35.355001688004	-0.000000029579
224.196000000000	37.879999727011	-0.000000033593
224.412000000000	40.405001491308	-0.000000033392
224.330000000000	42.929999530315	-0.000000043979
224.339000000000	45.455001294613	-0.000000038510
224.328000000000	47.979999333620	-0.000000030281
224.232000000000	50.505001097918	-0.000000033493
224.251000000000	53.029999136925	-0.000000036102
224.251000000000	55.555000901222	-0.000000038259
224.169000000000	58.079998940229	-0.000000035951
224.259000000000	60.605000704527	-0.000000032890
224.297000000000	63.129998743534	-0.000000036754
224.321000000000	65.655000507832	-0.000000025966
224.242000000000	68.180002272129	-0.000000052710
224.328000000000	70.704996585846	-0.000000028977
224.177000000000	73.229998350143	-0.000000034195
224.213000000000	75.759999454021	-0.000000036754
224.232000000000	78.285001218319	-0.000000032037
224.219000000000	80.810002982616	-0.000000045886
224.240000000000	83.334997296333	-0.000000041420
224.263000000000	85.859999060631	-0.000000036654
224.293000000000	88.385000824928	-0.000000035249
224.216000000000	90.910002589226	-0.000000015981
224.205000000000	93.434996902943	-0.000000022755
224.319000000000	95.959998667240	-0.000000035048
224.263000000000	98.485000431538	-0.000000045535
224.414000000000	101.010002195835	-0.000000033744
224.305000000000	103.534996509552	-0.000000038360
224.277000000000	106.059998273849	-0.000000022755
224.384000000000	108.585000038147	-0.000000037858
224.244000000000	111.110001802444	-0.000000026769
224.284000000000	113.635003566742	-0.000000033392
224.295000000000	116.159997880459	-0.000000031586
224.177000000000	118.684999644756	-0.000000034045
224.196000000000	121.210001409054	-0.000000032539
224.167000000000	123.735003173351	-0.000000058982
224.171000000000	126.265004277229	-0.000000033091
224.374000000000	128.790006041527	-0.000000028224
224.186000000000	131.314992904663	-0.000000029679
224.297000000000	133.839994668961	-0.000000034898
224.096000000000	136.364996433258	-0.000000059835
224.165000000000	138.889998197556	-0.000000034195
224.332000000000	141.414999961853	-0.000000032539
224.161000000000	143.940001726151	-0.000000040567
224.416000000000	146.465003490448	-0.000000050603
224.234000000000	148.990005254745	-0.000000040116
224.132000000000	151.515007019043	-0.000000038560
224.113000000000	154.039993882179	-0.000000040969
224.305000000000	156.564995646477	-0.000000030934
224.225000000000	159.089997410774	-0.000000028676
224.163000000000	161.614999175072	-0.000000051958
224.213000000000	164.140000939369	-0.000000032339
224.109000000000	166.665002703667	-0.000000037808
224.238000000000	169.190004467964	-0.000000030883
224.219000000000	171.715006232262	-0.000000031486
224.219000000000	174.239993095398	-0.000000037808
224.196000000000	176.770001649857	-0.000000054818
224.277000000000	179.295003414154	-0.000000043227
224.340000000000	181.820005178452	-0.000000038360
224.190000000000	184.345006942749	-0.000000028124
224.219000000000	186.869993805885	-0.000000038661
224.158000000000	189.394995570183	-0.000000009207
224.142000000000	191.919997334480	-0.000000031937
224.342000000000	194.444999098778	-0.000000037607
224.318000000000	196.970000863075	-0.000000036503
224.249000000000	199.495002627373	-0.000000041922
224.238000000000	202.020004391670	-0.000000035751
224.340000000000	204.545006155968	-0.000000032640
224.382000000000	207.069993019104	-0.000000017286
224.267000000000	209.594994783401	-0.000000029930
224.361000000000	212.099999189377	-0.000000038861
224.228000000000	214.650005102158	-0.000000031586
224.177000000000	217.150002717972	-0.000000031636
224.156000000000	219.699993729591	-0.000000041872
224.326000000000	222.200006246567	-0.000000026970
224.282000000000	224.749997258186	-0.000000048495
224.293000000000	227.249994874001	-0.000000033493
224.360000000000	229.800000786781	-0.000000043076
224.225000000000	232.299998402596	-0.000000056825
224.328000000000	234.850004315376	-0.000000031837
224.276000000000	237.350001931190	-0.000000023106
224.335000000000	239.899992942810	-0.000000036905
224.246000000000	242.400005459785	-0.000000039162
224.207000000000	244.949996471405	-0.000000030081
224.319000000000	247.500002384186	-0.000000038661
224.318000000000	250.000000000000	-0.000000027823
237.357000000000	0.000000000000	-0.000000026669
236.968000000000	2.524999901652	-0.000000045936
236.933000000000	5.049999803305	-0.000000027421
237.062000000000	7.575000170618	-0.000000038008
237.012000000000	10.099999606609	-0.000000038008
236.899000000000	12.625000439584	-0.000000034346
236.950000000000	15.150000341237	-0.000000029127
237.273000000000	17.674999311566	-0.000000057929
237.045000000000	20.199999213219	-0.000000029428
237.154000000000	22.724999114871	-0.000000034697
236.876000000000	25.255000218749	-0.000000029177
237.043000000000	27.780000120401	-0.000000039614
237.134000000000	30.305000022054	-0.000000028575
236.854000000000	32.829999923706	-0.000000035851
237.106000000000	35.355001688004	-0.000000026167
237.071000000000	37.879999727011	-0.000000031586
237.059000000000	40.405001491308	-0.000000032037
237.206000000000	42.929999530315	-0.000000056072
237.075000000000	45.455001294613	-0.000000040969
237.077000000000	47.979999333620	-0.000000030683
237.054000000000	50.505001097918	-0.000000032740
237.094000000000	53.029999136925	-0.000000039915
237.140000000000	55.555000901222	-0.000000036905
237.198000000000	58.079998940229	-0.000000026167
237.079000000000	60.605000704527	-0.000000031586
237.098000000000	63.129998743534	-0.000000030633
237.094000000000	65.655000507832	-0.000000013422
237.017000000000	68.180002272129	-0.000000036453
237.198000000000	70.704996585846	-0.000000033894
237.157000000000	73.229998350143	-0.000000037256
237.024000000000	75.759999454021	-0.000000031987
237.043000000000	78.285001218319	-0.000000054717
237.163000000000	80.810002982616	-0.000000031686
237.180000000000	83.334997296333	-0.000000033392
237.164000000000	85.859999060631	-0.000000033643
237.113000000000	88.385000824928	-0.000000009057
237.201000000000	90.910002589226	-0.000000025615
237.041000000000	93.434996902943	-0.000000038460
237.031000000000	95.959998667240	-0.000000059835
237.033000000000	98.485000431538	-0.000000034245
236.956000000000	101.010002195835	-0.000000042424
237.213000000000	103.534996509552	-0.000000030683
237.075000000000	106.059998273849	-0.000000018941
237.108000000000	108.585000038147	-0.000000029077
237.035000000000	111.110001802444	-0.000000027823
237.083000000000	113.635003566742	-0.000000030382
237.062000000000	116.159997880459	-0.000000031134
237.077000000000	118.684999644756	-0.000000032489
237.000000000000	121.210001409054	-0.000000011616
237.154000000000	123.735003173351	-0.000000038109
237.127000000000	126.265004277229	-0.000000033493
236.994000000000	128.790006041527	-0.000000031134
236.937000000000	131.314992904663	-0.000000039865
237.033000000000	133.839994668961	-0.000000029679
237.227000000000	136.364996433258	-0.000000031335
237.157000000000	138.889998197556	-0.000000032138
237.064000000000	141.414999961853	-0.000000034897
237.108000000000	143.940001726151	-0.000000058631
237.138000000000	146.465003490448	-0.000000033041
236.991000000000	148.990005254745	-0.000000027722
237.115000000000	151.515007019043	-0.000000027672
237.043000000000	154.039993882179	-0.000000043026
237.106000000000	156.564995646477	-0.000000035600
237.066000000000	159.089997410774	-0.000000051606
237.000000000000	161.614999175072	-0.000000039313
237.056000000000	164.140000939369	-0.000000025213
236.897000000000	166.665002703667	-0.000000014476
237.029000000000	169.190004467964	-0.000000035500
237.029000000000	171.715006232262	-0.000000062796
236.970000000000	174.239993095398	-0.000000027672
236.980000000000	176.770001649857	-0.000000031486
237.085000000000	179.295003414154	-0.000000035449
237.161000000000	181.820005178452	-0.000000018640
237.104000000000	184.345006942749	-0.000000035098
237.104000000000	186.869993805885	-0.000000050854
237.123000000000	189.394995570183	-0.000000024059
237.066000000000	191.919997334480	-0.000000043478
237.150000000000	194.444999098778	-0.000000011666
237.052000000000	196.970000863075	-0.000000029328
236.908000000000	199.495002627373	-0.000000041420
237.159000000000	202.020004391670	-0.000000024912
237.142000000000	204.545006155968	-0.000000028074
237.062000000000	207.069993019104	-0.000000038059
237.096000000000	209.594994783401	-0.000000038360
237.123000000000	212.099999189377	-0.000000036001
237.150000000000	214.650005102158	-0.000000025163
237.184000000000	217.150002717972	-0.000000027522
236.952000000000	219.699993729591	-0.000000039514
236.968000000000	222.200006246567	-0.000000039062
237.085000000000	224.749997258186	-0.000000041671
237.059000000000	227.249994874001	-0.000000040216
237.071000000000	229.800000786781	-0.000000031536
237.175000000000	232.299998402596	-0.000000035550
236.991000000000	234.850004315376	-0.000000062093
237.192000000000	237.350001931190	-0.000000038811
237.167000000000	239.899992942810	-0.000000040818
236.962000000000	242.400005459785	-0.000000030181
236.985000000000	244.949996471405	-0.000000028776
237.019000000000	247.500002384186	-0.000000028224
237.100000000000	250.000000000000	-0.000000028224
249.276000000000	0.000000000000	-0.000000039815
249.435000000000	2.524999901652	-0.000000038059
249.207000000000	5.049999803305	-0.000000031887
249.479000000000	7.575000170618	-0.000000037457
249.433000000000	10.099999606609	-0.000000030683
249.475000000000	12.625000439584	-0.000000043026
249.224000000000	15.150000341237	-0.000000028927
249.462000000000	17.674999311566	-0.000000034898
249.331000000000	20.199999213219	-0.000000060036
249.222000000000	22.724999114871	-0.000000037005
249.303000000000	25.255000218749	-0.000000028224
249.311000000000	27.780000120401	-0.000000032037
249.393000000000	30.305000022054	-0.000000035048
249.416000000000	32.829999923706	-0.000000061842
249.422000000000	35.355001688004	-0.000000010562
249.483000000000	37.879999727011	-0.000000035650
249.520000000000	40.405001491308	-0.000000037356
249.425000000000	42.929999530315	-0.000000026669
249.439000000000	45.455001294613	-0.000000035399
249.469000000000	47.979999333620	-0.000000043277
249.383000000000	50.505001097918	-0.000000031335
249.431000000000	53.029999136925	-0.000000041722
249.518000000000	55.555000901222	-0.000000042374
249.435000000000	58.079998940229	-0.000000033191
249.429000000000	60.605000704527	-0.000000031787
249.203000000000	63.129998743534	-0.000000034496
249.343000000000	65.655000507832	-0.000000033342
249.500000000000	68.180002272129	-0.000000044732
249.374000000000	70.704996585846	-0.000000036353
249.476000000000	73.229998350143	-0.000000036102
249.476000000000	75.759999454021	-0.000000036252
249.469000000000	78.285001218319	-0.000000032088
249.393000000000	80.810002982616	-0.000000035600
249.334000000000	83.334997296333	-0.000000032790
249.389000000000	85.859999060631	-0.000000037456
249.387000000000	88.385000824928	-0.000000032740
249.285000000000	90.910002589226	-0.000000030984
249.485000000000	93.434996902943	-0.000000043779
249.429000000000	95.959998667240	-0.000000030181
249.425000000000	98.485000431538	-0.000000059082
249.412000000000	101.010002195835	-0.000000037557
249.389000000000	103.534996509552	-0.000000029830
249.385000000000	106.059998273849	-0.000000022002
249.510000000000	108.585000038147	-0.000000030733
249.397000000000	111.110001802444	-0.000000032941
249.435000000000	113.635003566742	-0.000000030382
249.515000000000	116.159997880459	-0.000000038761
249.594000000000	118.684999644756	-0.000000034044
249.297000000000	121.210001409054	-0.000000035399
249.435000000000	123.735003173351	-0.000000032389
249.345000000000	126.265004277229	-0.000000034195
249.336000000000	128.790006041527	-0.000000026769
249.308000000000	131.314992904663	-0.000000036603
249.353000000000	133.839994668961	-0.000000053162
249.454000000000	136.364996433258	-0.000000035750
249.387000000000	138.889998197556	-0.000000026719
249.308000000000	141.414999961853	-0.000000031134
249.422000000000	143.940001726151	-0.000000030783
249.368000000000	146.465003490448	-0.000000054567
249.410000000000	148.990005254745	-0.000000031636
249.345000000000	151.515007019043	-0.000000011164
249.406000000000	154.039993882179	-0.000000039614
249.088000000000	156.564995646477	-0.000000042625
249.292000000000	159.089997410774	-0.000000033242
249.266000000000	161.614999175072	-0.000000055219
249.383000000000	164.140000939369	-0.000000005293
249.427000000000	166.665002703667	-0.000000039915
249.539000000000	169.190004467964	-0.000000031285
249.454000000000	171.715006232262	-0.000000039413
249.353000000000	174.239993095398	-0.000000036353
249.455000000000	176.770001649857	-0.000000042223
249.475000000000	179.295003414154	-0.000000033242
249.372000000000	181.820005178452	-0.000000036654
249.425000000000	184.345006942749	-0.000000036052
249.636000000000	186.869993805885	-0.000000033894
249.329000000000	189.394995570183	-0.000000015981
249.245000000000	191.919997334480	-0.000000033894
249.299000000000	194.444999098778	-0.000000037507
249.285000000000	196.970000863075	-0.000000040367
249.378000000000	199.495002627373	-0.000000031787
249.374000000000	202.020004391670	-0.000000032439
249.473000000000	204.545006155968	-0.000000034044
249.357000000000	207.069993019104	-0.000000035901
249.458000000000	209.594994783401	-0.000000033392
249.339000000000	212.099999189377	-0.000000035449
249.347000000000	214.650005102158	-0.000000036353
249.469000000000	217.150002717972	-0.000000040066
249.331000000000	219.699993729591	-0.000000028174
249.523000000000	222.200006246567	-0.000000043427
249.352000000000	224.749997258186	-0.000000034998
249.425000000000	227.249994874001	-0.000000034195
249.397000000000	229.800000786781	-0.000000039915
249.469000000000	232.299998402596	-0.000000033292
249.485000000000	234.850004315376	-0.000000032790
249.469000000000	237.350001931190	-0.000000036403
249.617000000000	239.899992942810	-0.000000010763
249.425000000000	242.400005459785	-0.000000027722
249.322000000000	244.949996471405	-0.000000053714
249.458000000000	247.500002384186	-0.000000041671
249.475000000000	250.000000000000	-0.000000036904
